997 87
7399 166737
168244 27768
182029 148000
13804 12508
63739 133874
54709 68551
71896 43923
89495 174586
161474 116720
193891 107187
98811 173500
188204 17124
35523 5054
117753 178416
193994 29304
168258 27407
8724 98702
164665 34608
86243 98417
27936 77225
136113 128941
55303 10235
11402 157429
74732 85784
133488 52305
137675 61736
79378 86118
94926 81061
82923 187184
20595 11421
162556 18397
4297 170779
88493 166318
46805 123791
160423 192526
175536 171257
70445 85926
120778 4561
34122 155146
10823 53173
84863 10833
90040 94153
75367 16038
187829 143061
40618 54372
45497 71375
156494 172247
87831 107553
95679 99985
111988 158318
171465 68226
96188 167695
191394 108808
12400 105217
182324 145948
138107 47900
88332 10229
151076 82211
160994 199913
32613 12026
111 117275
13373 119887
36268 124017
69796 117914
152476 138665
125203 190570
49748 24042
94904 39597
161205 67877
152751 196307
175247 175382
65891 46019
89689 57665
193778 127932
44469 155650
137067 26726
162000 52415
109651 119913
45503 69479
81994 64869
96490 27383
135984 116983
99049 143645
30743 78015
125126 191683
126126 162233
128691 148494
22920 166962
88134 159766
22416 22781
103696 17337
172981 121040
28132 171257
219 199747
96387 57427
183043 42856
44268 20529
132642 142036
31118 194112
134725 1259
79130 173455
138212 43152
166726 62029
107131 191604
35270 133225
23365 88597
164049 2912
31539 55973
4994 60631
139321 79678
113527 97120
21686 62435
187757 132113
128606 82515
39074 51703
188290 127297
84209 67015
134641 134790
41473 141923
115381 134037
142399 121741
119118 78379
15441 142896
80867 133888
23049 65044
40542 67902
156482 15153
187279 80194
147222 41694
66611 85644
130501 25365
57402 71503
21800 58926
68210 86397
185843 96356
148014 39879
16964 178496
35978 168703
130999 35256
63918 52639
144270 60072
6375 84294
64097 11366
10789 12308
134764 128246
142031 117740
185868 73543
121834 5706
49979 144263
165215 7733
129227 120284
103273 183702
91572 128715
71662 194877
66299 40851
89140 10229
156684 193627
142656 130800
78294 72930
70167 85361
76972 104864
66695 156872
144145 186004
80947 53104
122385 100475
42578 119573
47394 196659
148034 86139
124735 128940
126186 148478
151635 54782
24719 79387
102537 20010
64356 130053
134154 64019
82765 35483
52817 26355
87552 176037
85233 157318
21400 88376
100140 54926
136801 3342
195251 153238
130314 92874
65514 45456
64716 145440
69424 4780
155327 125732
186627 115278
145145 89587
72864 69030
114189 86822
176999 150673
99195 144831
9502 106924
45265 55966
199042 191429
182239 60678
83784 85648
77710 111707
132010 98636
23229 57270
162121 77976
144770 29348
195901 135486
161073 24923
48506 97506
152471 87126
175185 156478
86212 126519
131183 36383
58657 43732
197510 22851
110133 101485
72269 56889
30250 51299
152465 133232
101311 33929
102479 86000
159974 37846
70139 108679
4074 47636
124629 165904
83986 189341
63416 117746
21736 185888
116237 37325
145831 49853
146873 186520
15562 31496
32881 5643
130100 184215
82517 81401
36427 147425
98446 125388
188990 123538
167125 165373
176331 69714
1937 132270
144321 103978
102503 19421
137289 73678
29919 198789
199728 108203
135246 77215
30776 25695
85254 12746
68446 81481
188528 126582
31760 123688
26728 65462
51904 17841
133947 181854
89859 89356
57770 174890
33869 172453
95705 73758
69322 79975
126810 151632
175988 123475
104153 75469
119996 71948
26676 158369
53180 161565
25667 81917
162975 106307
81855 111435
16017 132168
78802 163326
48287 18922
7294 161892
181767 179266
158488 61431
52786 46117
124942 102309
41475 73609
174709 86638
50917 36157
159353 97863
19019 181401
174002 199827
118997 153780
17790 175576
142290 163673
27479 76137
84065 16926
44355 13485
63631 5393
115503 90323
59583 156265
65390 131990
106686 23679
32993 156778
5957 121848
112345 68801
74247 107415
95737 174874
157463 196014
34360 192268
137492 17432
50621 157741
135397 114960
61710 43666
45482 139895
187933 117270
47980 95009
149824 19342
138140 24694
96565 163931
39527 134763
114269 169951
162051 169389
118309 122154
176204 64029
141291 51242
69250 191510
183860 45598
3500 178160
102315 102699
58828 136691
73394 20812
174056 167840
130778 163010
137515 181294
196525 67339
149548 52368
124875 175043
4497 85815
32608 131673
39124 74727
179988 194311
9689 167373
142868 47543
156660 185212
16719 198041
153287 113759
3755 11564
132343 48125
148379 110965
17372 90920
150234 29816
63353 160862
17626 105906
99521 33371
141394 29125
51333 120852
110807 170925
78755 105789
137038 105998
8888 57520
138435 192544
86255 156632
31194 195722
150490 24551
107705 51331
167268 82058
69833 3402
189363 72774
94378 98925
91539 131809
89457 111072
132543 177478
95727 88298
30413 6934
54443 199113
73728 80149
189804 38589
25547 151243
52520 150405
152692 169911
47345 140343
127002 132715
171604 1249
178719 178162
2823 86856
187136 67834
69762 18631
42452 72235
2963 144914
105611 130559
199266 110434
170917 132785
132611 174731
115152 134516
93964 79916
143934 9307
112131 130376
171953 19626
117965 153616
191221 177736
58039 176775
23108 184669
22959 62099
58922 152104
131504 50509
178294 64936
131277 94327
163513 171983
167570 117055
93517 55441
168625 151185
13134 162996
42998 110610
64019 75232
156663 41404
166315 152367
115032 45876
92995 157886
124895 39417
94973 56574
136031 105214
172573 60519
96398 173740
102304 96450
190246 196839
161197 160353
48135 100137
4191 148572
118080 145570
33434 27913
24729 83411
94268 155032
7526 35504
110348 139599
128158 120141
78547 89400
164883 157819
62150 137180
20935 192036
150511 137911
82969 187341
160869 158475
192362 74522
86798 49473
174295 11506
60771 110358
171435 181101
196969 42201
66595 135852
58901 196156
158559 103041
164931 164043
30128 125031
190718 37773
52694 123125
18051 137242
192380 49469
153414 124246
178223 110591
12417 107657
176004 63868
62879 95639
4615 185978
195083 190832
148744 56114
199636 106337
150608 76439
42764 108631
169937 161417
82090 175426
62646 89041
4295 9413
29215 46904
89180 139775
156781 104822
38976 55381
10725 105670
43805 147178
131842 82956
126151 141455
18968 176235
138260 121041
7917 53253
149025 31119
9680 98136
145226 169497
170068 141740
178956 166629
76118 6423
177733 180321
47280 36789
116716 179982
115838 81137
197460 149117
42837 62619
87300 141409
39491 51513
83166 6065
43534 149414
17992 29605
142939 146639
116943 190810
70789 158957
109700 181947
91286 61051
160433 194371
58228 28824
106771 24914
133716 121443
87085 44461
68783 147112
76912 88045
5032 179658
41234 23856
22093 98957
161961 75799
18586 16770
143803 17861
89605 141008
172569 34780
117533 54649
132074 120586
63803 101269
132676 60668
172007 157295
189037 773
81874 5861
40467 145953
75187 49574
29986 55669
189168 192441
64503 72635
97041 105974
91020 178255
155476 19145
176890 162713
152313 43347
134115 70462
103397 181138
77946 178487
70990 104110
74260 72300
18749 63250
46675 110781
90918 37310
155876 87804
29685 127044
160643 66190
519 49711
168898 140944
164653 166201
33789 73162
65247 14714
164439 160952
129950 108603
196977 117593
144878 33869
32196 190323
31070 122511
100521 115083
28973 59809
146098 123210
194879 61113
177633 24149
28962 171307
164916 156925
67119 147244
124078 130383
24833 97081
55437 46943
39217 183300
20129 67541
103834 126273
135376 159970
100314 5265
177934 60663
72861 171524
35750 130675
59308 77040
177373 64721
103180 172378
179688 143211
122051 179024
10337 6863
145906 4850
23393 116625
33851 3893
102755 175820
182959 1975
198033 195542
172353 160157
56850 115385
194932 186853
65354 145797
78930 123628
36775 76404
65436 147370
190756 39629
5991 10928
75487 144316
127654 55491
197055 60966
165231 183000
23557 115794
53695 103383
161590 145743
192618 163166
98046 58725
104682 7140
57430 173720
136314 45885
95842 68452
166999 122405
115366 144861
59030 72136
182145 3815
29534 77738
142118 80421
151320 73582
49995 59274
191124 13424
98315 141624
31833 175176
148878 181632
184355 36712
147496 47429
5521 154044
85636 12460
156884 31589
13349 37108
157949 81354
91719 147980
39495 196250
52216 64872
182758 106170
144462 55519
10109 80828
43352 180324
137673 28791
51551 174206
54064 76651
154007 150529
159673 84753
87102 61711
12545 105961
23393 108867
52919 149184
151015 20859
156352 176154
79181 95169
158585 81347
148051 84006
45945 65585
75354 87759
47753 73085
127752 58666
171500 188757
115924 124288
192365 81975
3371 28503
45090 147868
197654 148157
103450 158551
31888 65822
56790 26133
36665 117817
41077 124505
16233 62510
40136 8573
162430 25151
116145 67242
142312 100536
141350 165790
33543 20684
37353 136814
191454 146369
76233 195096
11882 190039
9615 55496
147509 141759
139923 150715
4074 116253
69990 95676
57285 146259
129305 21930
19034 122703
60398 126619
184358 71771
42558 152727
173585 7857
135261 40526
85734 86970
173328 27439
187216 112027
169766 24325
158910 33965
165240 44645
43814 182961
189807 64629
134669 131782
131126 49391
116253 70316
187068 106493
187678 30128
160244 114588
20458 65342
143984 13347
37028 166030
54781 63442
59373 39733
54996 96596
8671 163358
129327 114061
173496 184865
169781 130888
62965 73137
155786 193628
109521 65113
86402 11240
146906 91224
156172 151095
54994 72480
71858 102181
189317 123406
131272 107818
63779 25027
64683 137827
25410 15238
50231 159928
144164 120210
172831 45001
78079 130138
140988 100096
22746 190382
160493 169340
116093 23934
109602 45299
13467 21863
63177 25534
142044 169192
71543 43236
171437 38970
17795 145541
21161 67180
9303 63378
67765 12028
100040 93670
190458 145757
16067 148436
174884 187819
108775 87548
190138 54003
28437 171412
49933 141108
72285 97238
59915 53702
191783 181259
129464 29043
138142 66865
17568 9863
50381 146017
113856 147464
84203 23007
139420 55971
34874 143141
45912 128391
122614 81202
38481 32325
35368 69645
107451 48529
13893 121096
114303 161543
124414 4380
45196 47156
197986 74451
9751 43586
146019 66379
21444 8273
132382 21938
14940 167778
53849 91863
85162 77509
114118 40164
21735 116986
51644 179605
197937 87850
170285 125585
153834 180060
94225 56865
130779 145144
162601 121540
168455 24534
164603 22952
88279 129110
86513 113828
144167 186297
45621 146336
189587 73944
112015 80066
102707 84272
24336 83333
129524 176315
172561 103092
177467 16277
151161 17087
129303 194126
153158 155248
60004 20650
131443 43273
192588 165365
51523 65135
83091 104525
125884 41338
28623 111751
171262 131349
129725 197978
25857 43033
45110 143554
170214 59631
107276 172512
188657 78325
115354 13713
88233 174183
77658 101996
196184 9345
63856 70310
193982 68396
113748 23138
16094 130203
48163 35769
92764 82607
3683 97315
109201 167771
54433 65109
22173 23997
189673 153898
100591 194824
189365 83241
109148 117501
43231 29042
180342 10578
164403 107249
31871 43448
118490 149018
193746 88249
177504 126279
157668 33677
108018 33945
62654 184663
158527 54406
116621 173285
130696 45913
2953 89484
79593 53814
17257 114150
38188 197776
160342 101358
65198 178387
149781 58543
75487 91751
162424 99111
10623 55360
142038 71077
1225 76466
181419 33516
118722 8969
108067 40020
93644 70175
149750 172146
102882 168008
110 173949
161931 51246
137357 27317
148193 174512
50666 9357
3618 182940
57727 62715
28562 95747
189029 27370
75708 141230
40494 36573
179559 146117
199838 84894
19107 31453
171745 188772
90952 95976
59966 108300
73260 161693
78863 116953
19259 147508
189981 55420
88378 52683
186559 30993
91120 63882
93392 36611
108096 38737
9178 151182
78538 72116
125599 31860
80800 153863
71399 98626
187749 102271
11632 120112
35879 184556
13998 93315
71051 112359
70699 183539
100244 111604
168985 153855
113380 131578
165819 144974
62933 112778
198620 116129
60462 152022
182008 132774
97117 6463
20252 130936
83568 9411
194306 159477
199640 42140
82113 38567
78391 37131
126818 47217
48149 39075
160984 120298
70882 153121
12056 41048
116220 193154
38522 1126
188875 13938
149063 138617
58539 75085
148663 41693
150150 78666
58776 126619
75453 155457
74958 70441
185325 19803
30358 128311
120675 78770
80774 81968
80263 185351
174558 160198
161743 42345
56220 82478
190172 148728
33408 133257
119481 86844
194638 33624
153655 152416
100270 28256
37571 36058
188736 84943
5945 158674
170601 195875
185697 117282
36263 142605
89938 68135
144682 158088
170410 104290
103046 168460
170309 127967
60546 62480
86439 40262
104936 143531
85448 59522
36243 96479
24145 193653
115533 173157
47835 134586
173930 117530
52446 172578
17820 96043
132900 194535
171975 68618
100332 177190
55974 69817
19140 7258
90740 133806
135325 55803
21795 45108
136918 143405
175725 129137
24351 13207
65700 118620
112569 24920
14862 57914
91480 197583
119624 90479
196771 165989
12863 56361
77907 139630
3079 36964
99603 165668
172235 184154
64584 37760
156499 168393
131465 87655
34233 117169
21082 85770
31068 84456
75618 63680
56313 125554
143945 46596
31000 16467
106273 51374
67087 36255
