992 77
19986 31357
160296 188462
53342 139422
131771 153657
138478 92681
141940 51605
47609 178558
145978 120476
103849 81493
69348 69182
122436 144305
42932 169848
95183 111281
96339 199595
186653 49805
157402 162832
139505 100310
194605 188569
52054 88133
91919 30981
17847 183082
186884 126645
139670 179692
130196 60164
76967 52563
50561 74649
152580 115121
58862 121653
164312 182095
114787 150402
1687 76213
43625 58773
86968 191972
164106 73526
97655 121073
81410 115134
60622 161188
153199 123411
110777 195528
188542 95324
23647 25250
76718 152213
57486 144486
170705 199069
105137 14049
104449 174610
120731 6521
178666 3631
187063 188759
16965 108630
104457 41597
118108 72654
110053 148267
40880 56213
104894 155936
25109 134953
48971 63277
170400 101715
55343 33239
35075 16127
87729 2511
149795 153196
153597 131748
170845 349
180667 53213
11138 50419
168074 81395
135611 120028
191183 87341
196649 11270
156294 70460
43274 38723
164815 11371
151635 130386
97493 131925
100668 178860
181612 126314
5192 7471
123055 90910
33166 194929
185579 55086
56270 199729
191284 36980
71588 168678
133546 148997
19394 164372
174105 89409
974 134413
38225 118100
24032 71272
321 181671
100548 105922
100617 101890
121619 194382
11921 22110
54219 187480
36479 103642
54749 103452
46050 137455
81725 82710
63838 141775
92084 196127
17773 87465
109579 121050
142440 136697
77114 33704
165815 187993
166297 131876
147456 141422
172367 133533
96116 125301
194800 31544
147377 153847
146248 115078
47034 63912
34864 38105
35051 42923
87813 123557
66854 43621
63656 51782
17745 186902
28046 112791
73329 65570
161361 174552
18619 33250
156176 43170
20767 81022
135671 97505
42883 155590
85545 118135
54903 198963
79527 198295
147830 115004
123792 78313
153824 107039
15001 115039
115725 175849
171737 62609
131131 51217
168993 147454
82738 105146
122324 113259
178665 100533
55778 8832
44976 68255
26374 176235
108786 52873
173033 55509
83837 83166
188698 158101
111825 101721
28150 148650
169044 105636
18852 47220
57705 187920
172496 20171
85267 186374
20978 86616
25271 192198
150965 182584
68270 91671
101457 193547
35136 20550
7620 107844
9548 108598
23599 98646
85264 112090
28827 105470
59414 152465
35094 34815
138486 45638
115166 136612
82631 23274
99391 34054
190517 149537
33673 182001
40896 41738
142321 55692
118784 6819
150032 149405
157338 103445
135001 176966
143911 121282
95448 75091
169842 125898
30324 104657
186522 107544
197561 168487
67231 152539
31797 55235
72230 60529
167650 58214
97879 54261
118425 31957
10626 446
52434 11362
51445 163369
39943 66285
149051 22469
73235 106095
103636 175229
57194 15311
64952 199311
76051 57321
34975 22950
121656 144313
152859 5260
19476 37930
167601 127494
143307 179944
4027 6065
173916 103244
41410 107126
131252 77453
67044 162803
64589 142481
175597 155184
51538 182772
199691 52159
100068 23460
35126 86478
96634 67874
60604 93670
198790 2189
69373 187503
153126 157010
100251 145523
67072 53011
109090 24706
98856 2883
102043 48689
16555 136107
124675 199796
82440 56915
117055 163005
132747 96382
79288 112928
38443 125204
21558 164390
147149 42989
126237 44563
48957 187740
37440 116500
156983 67180
19008 14339
92442 95319
103762 154834
104995 7436
189344 82783
160009 147198
129710 26680
147423 106369
43447 148185
68714 19868
175047 6185
17790 199266
183679 94570
148521 196872
22788 88922
149224 159332
90390 51021
164076 180810
133084 8191
77552 176688
4759 134452
71785 71636
28826 168299
118066 22650
183820 141106
182108 15145
48062 100447
85304 8021
188891 190121
103523 163720
138436 85486
106565 154657
128271 109472
16542 177387
88704 151886
42009 61162
36749 75260
99229 153258
37967 9223
185466 139308
163236 37383
175836 133603
122391 105894
4625 73095
88064 20754
111533 78238
67266 192626
59098 157134
30867 127812
148467 22028
91727 186603
45844 36668
161837 147520
69873 47696
128335 158005
134015 148251
156607 116482
72096 72622
91646 173984
198173 118006
87269 79943
93181 67659
161567 162977
108490 150949
47611 123939
196781 79852
88918 78999
175566 70954
147653 51804
198879 179174
138025 172709
189410 23098
19325 185080
194674 39471
159879 171472
14544 187970
136249 119707
163096 60919
134093 101041
108271 185165
146004 44829
42464 132535
71521 199398
43168 122787
185881 49403
51727 151210
42799 193599
87354 138427
86211 147607
7438 50582
16249 125449
77041 109287
95522 169191
170153 166025
23086 72737
160855 53051
187631 46933
178053 9218
41821 166087
79273 151007
196010 173083
162502 149652
101166 122617
61640 44777
17800 81684
149817 75548
46815 168399
18839 70495
40347 35793
179813 121347
130944 59555
51452 3478
137648 181264
199434 19540
188198 198878
21559 65870
54293 190645
84903 55079
2177 166573
52166 21235
22448 135293
125183 56714
2683 63226
199461 193751
166132 5911
171088 2186
151795 191933
87215 136212
37201 88162
130790 107617
161149 135085
76777 74759
134764 88479
36331 54283
155817 150249
159640 30013
158987 162415
117725 32488
106797 174778
11628 68439
44789 21283
116351 163068
132939 194348
149142 174369
145610 133863
81615 90450
92625 57423
151333 184629
24394 181797
196206 42044
19029 170967
142104 123451
132674 196177
193600 11989
38181 30309
127489 54975
8852 197515
50606 103745
135070 6921
43852 123493
193629 62276
156235 155716
162631 192512
123572 33003
115816 68855
167298 121146
58382 81723
43520 138782
50063 185192
115865 11048
161920 157140
125600 167137
116806 187587
130455 35467
128531 110432
105495 14527
108987 24330
149925 74326
190083 54997
5717 97638
142407 162905
184086 106615
122144 186564
160836 8013
47329 95795
92059 12156
156481 49096
115230 48237
61723 75675
139561 16230
152552 196047
80135 13021
132634 121070
184017 86628
31342 125846
41891 15696
160318 91105
179208 124120
161858 107863
102100 20083
34285 149949
35585 135084
144229 135579
144417 67195
157266 160843
88998 124674
74654 69797
88958 58077
118307 42855
116708 128786
90858 136790
26208 65408
3122 184191
145134 169048
38900 2013
68151 79476
171017 39968
64144 15497
103860 7017
161090 67409
27334 48391
117512 177540
96128 56292
163660 160862
16959 125385
141880 100153
141876 54458
158175 31015
179772 170744
197056 19481
199242 128485
173432 15006
76996 181730
54209 21564
143369 127809
104100 161319
126827 155057
113087 53030
101818 144669
31954 175558
152521 151533
137144 55311
4215 58920
183799 90087
121424 135982
40971 61579
150181 168604
141942 141373
132180 173376
78822 96004
32077 127356
162232 105953
1197 169163
6966 199786
74389 14051
14951 177566
193803 189343
89506 183412
55348 83194
175784 151003
86754 188435
193463 151120
21351 113265
38274 22421
187114 16312
94948 145974
181733 151578
185425 132538
35763 199158
64391 104975
146938 128640
75448 57611
109335 162324
1616 163587
95608 41008
100101 191582
172990 43341
193204 108287
107171 86675
145391 154569
154114 191265
62385 92189
176447 1387
161050 99165
27762 128164
109555 154135
192431 172967
141761 62361
183803 16646
172048 34757
33844 163040
70797 13495
55885 127780
182058 63262
177346 174658
1302 75449
47119 157082
28346 12097
144912 161452
149499 90024
44252 41041
3555 84667
91242 48887
175020 152288
97752 111279
51643 9293
11579 184691
174314 133074
28571 46610
128615 148469
180991 106362
133219 181799
174495 41865
61174 188894
35083 110276
4878 171733
55170 191771
146734 31725
186686 104671
125105 30197
15417 52276
39371 141947
50543 4635
77673 167414
125066 124089
56086 22438
186190 21581
189966 93344
79614 167167
139296 31771
167364 164123
140762 166252
36133 12018
173717 119713
82683 151011
94019 4425
9019 20790
120911 137081
130218 33880
40133 4260
23694 23894
84446 73997
54068 738
106486 105003
18200 185305
58318 194486
33539 6980
7992 132515
170899 153373
139768 186653
93167 94377
150100 93215
195680 160751
86636 183794
197101 79227
139126 198005
85657 8286
198877 61034
72910 135642
102789 48920
151715 97514
123622 105444
41225 38376
37224 194416
190085 168607
86990 79440
142179 136087
31698 77451
161803 78629
189853 13069
172136 99084
132053 31183
114153 153774
9942 169242
19399 125765
67744 21377
198147 57766
2527 87708
88790 175637
13310 174754
70057 116881
81217 191696
158815 194136
91549 114979
71222 132111
188123 102632
64798 26462
52162 916
19310 197123
64790 193371
73475 39183
162858 115764
54744 145034
177812 8352
60288 64696
74404 6490
164970 182558
115292 199608
3471 106865
102127 87948
36188 15391
154021 72491
75337 177079
197746 74359
192510 105175
112888 155516
69362 67250
39467 161229
6537 158958
193522 25749
130213 189591
47511 143036
5906 2017
6226 77893
74742 29339
175939 35075
72140 118051
165002 141411
167229 171513
184107 82191
60690 27552
160684 27073
170137 46895
33057 139536
90474 15351
133478 64203
84777 144495
11265 103015
70294 91311
130734 116704
76841 136473
155314 146618
28909 144959
24979 69615
75396 21864
194007 194364
177859 136031
4315 115128
52488 2673
79988 67835
92055 163277
29061 197434
181614 39741
153668 163237
125720 61136
120216 165342
33746 37311
19540 131761
31831 145487
94944 128843
154462 195819
122884 67129
168143 179240
179987 125073
76323 114624
71670 97399
179616 68284
14297 76767
129764 80612
181147 4016
166923 109232
13536 33442
97548 143359
63325 24251
162737 79477
128915 49481
25180 176678
47889 179945
149695 91262
50492 48333
54802 151223
15781 37664
140667 198784
101864 20415
74317 51981
3603 60544
111830 151350
44901 62139
132929 184538
33871 19525
117112 68957
177427 90335
16309 104177
73311 18378
76072 158451
34556 14400
69627 78381
177051 194355
26885 166328
173827 110922
131212 185576
187229 60101
44390 95967
156498 57884
57160 85465
5875 61247
162410 33850
97734 174712
95596 167234
12988 132471
161410 130336
115949 39328
178589 58698
62574 45451
58121 178001
120675 158429
49548 196427
39313 91486
170951 136784
105971 120370
15919 184202
184207 148675
10777 164564
57715 181696
41713 5047
49807 94593
79044 105096
172564 56513
41097 188222
100249 187169
37923 37338
83020 46304
10366 54341
130603 4619
153450 149283
116919 41479
126644 182273
80527 30109
130586 29266
123577 154440
16717 89171
70402 180261
514 58792
137427 6438
7241 154832
123775 161442
47148 199834
69075 2016
116853 177405
51771 88298
44358 118425
175466 69125
117863 15905
130973 45338
180212 19459
6508 175340
83939 182314
123409 26412
176606 113034
182903 181255
179341 176152
67639 52471
133957 114071
63140 62354
87712 36596
143973 106818
45809 28992
42734 172992
97861 141086
152788 169046
88808 109705
113898 83441
188115 119439
19968 78523
172869 26755
120633 176094
151776 1439
136111 35292
71422 127238
63696 25286
136803 163229
199679 145050
40051 130087
12704 106167
138311 148810
102063 97996
176820 68888
54045 95257
90482 26198
131520 44009
51591 43225
43653 82823
69953 124235
10014 79991
163343 169616
44327 4890
14475 109917
126665 75116
43202 86200
29487 1724
161127 16029
127456 161483
5211 168499
90172 88965
150319 55824
156083 77816
119737 49972
23034 125408
179661 66825
194009 182387
34362 12034
65065 100983
51293 69621
47565 47739
104520 17848
90376 93630
123964 127027
49195 196835
112459 28565
9472 145972
86277 199281
164842 116277
26906 158611
101026 90951
6218 190901
114166 2909
18298 70581
41076 59184
2234 92435
172098 192463
9566 47730
60675 192832
21774 25427
34791 163345
173691 54209
199851 121042
93197 22666
106314 76179
129922 144379
119132 40647
155576 59889
148620 96555
199446 161741
29690 81782
118657 171309
151597 5140
132892 94701
138926 105188
44583 58689
44647 151280
175269 34143
195330 32415
134820 97268
195389 141704
88068 123446
103503 110977
50524 48161
109709 16862
67408 112938
155055 28927
155316 59768
20068 150616
143813 34727
99075 142621
162485 185815
132402 61047
13580 10274
164492 148237
157700 103835
178993 2230
103158 98507
73783 170411
115720 182967
58541 48535
198874 112996
82702 194034
135775 169709
51762 16801
111323 188430
50911 155158
63051 140785
114907 33439
12940 32225
23036 104260
4561 189645
104022 38782
106716 49753
119940 175002
44668 183994
51801 112929
172768 42297
199733 162989
20070 11441
34079 43641
48349 18281
67888 193473
49289 27086
172016 128443
124185 141739
40793 64793
10746 159886
124649 108879
169674 102695
41465 62196
175455 52807
32028 41872
165220 11849
156458 130664
93793 49105
136375 149562
97561 17005
98293 148709
98019 156052
140725 56094
105991 19791
146307 100723
99210 15804
175208 17110
78 170535
187070 19799
52271 11312
116514 8857
113838 19486
120546 88131
114005 107310
182111 29595
177019 177706
90829 99573
108426 76892
189304 70209
16766 2658
122694 98763
155343 67537
4713 102705
153209 713
179859 154240
199210 185458
142619 48506
184411 142464
161178 124766
167460 112592
127193 93065
167367 85731
179487 35457
106685 192346
124009 41341
37329 7258
187515 29853
76003 4463
28180 164736
127009 131051
167126 98308
101265 9365
49437 109256
75467 101119
33284 193459
50983 95468
115578 138033
