994 3
199916 457
199531 485
199481 1438
199409 1556
199362 1567
199046 1663
198620 1934
198309 2607
198246 2910
198023 2916
197968 3772
197594 3920
197587 4029
197175 4075
196942 4323
196502 4423
196428 4700
196348 4897
196291 4985
196092 5329
196090 5880
195901 5971
195706 6158
195619 6363
195577 6396
195437 6422
195225 6484
195007 6540
194957 6730
194899 6766
194577 6853
194549 7003
194518 7010
194469 7620
194448 7666
193768 7786
193635 8071
193603 8571
193323 8758
192999 8788
192898 8928
192883 9048
192820 9117
192772 9471
192623 9540
192545 9798
192387 9803
192245 9840
192088 9878
192000 9893
191611 10063
191512 10078
191411 11116
191255 11172
191101 11275
191011 11927
190431 11986
190343 12064
190202 12620
190135 12861
189940 13050
189548 13581
189336 13666
189180 13755
188855 13766
188409 13767
188253 13800
188227 13861
187888 14118
187719 14333
187558 14413
187443 14747
187361 14874
187034 15121
186978 15230
186761 15771
186364 16096
186335 16334
186258 16451
186243 16475
185821 16568
185820 16596
185688 16727
185572 16932
185551 16939
185166 17075
184836 17451
184795 17824
184660 17966
184124 18146
183956 18402
183654 18508
183558 18739
183360 18812
182937 19304
182905 19955
182842 19965
182023 19969
181880 20173
181843 20483
181821 20900
181497 20975
181395 21423
181165 21459
181079 21518
180625 21653
179659 21868
179388 22313
179086 22455
178940 22535
178454 22656
178026 22717
177298 22860
177031 23492
176929 23559
175897 24064
175577 24253
175474 24551
175296 24693
175294 25218
175219 25685
175134 25831
175045 26318
174840 26401
174713 26489
174460 26674
174363 26751
174213 26771
173616 27478
173293 27604
173096 27968
173050 28153
172443 28199
172153 28449
171920 28469
171919 28679
171841 29256
171621 29269
170767 29402
170285 29817
169993 30025
169680 30070
169310 30270
168828 30501
168660 30531
168027 30981
167961 31336
167866 31549
167762 31590
167572 31834
167470 31858
167399 31995
167250 32109
167119 32660
167012 32761
166846 32820
166709 33194
166688 33223
166546 33888
166488 33899
166064 34141
165682 34238
165556 34459
164935 34555
164804 34609
164669 34624
164606 34716
164390 34986
164357 35325
164195 35426
164097 35644
163840 35870
163748 35881
163650 36295
163299 36567
162948 36881
162891 36956
162764 37030
162566 37157
161764 37524
161644 37649
161386 37673
161319 37705
161086 37826
160621 37867
160562 38174
160180 38175
160002 38797
159939 38907
159681 38982
159425 38994
159420 39178
159342 39237
159252 39253
159205 39273
159106 39605
159032 39621
158910 39990
158613 40291
158430 40525
158377 40843
158357 41010
158020 41179
157745 41544
157188 41862
157144 41914
157121 42491
157115 42696
156922 42981
156917 42996
156714 43452
156512 44202
156371 44432
156155 44515
155826 44595
155629 45433
155482 46036
155276 46372
155071 46494
154900 46931
154783 47144
154672 47546
154632 47627
154590 47912
154524 47985
154012 48498
153685 48681
153550 48722
153528 48787
152963 48957
152702 48958
152657 49058
152571 49216
152403 49404
152083 49547
151713 49789
151520 50119
151504 50128
151321 50239
150714 50333
150680 50668
150441 50709
148992 50749
148787 50832
148617 51159
148589 51164
148457 51343
148136 51598
147579 51704
147046 52000
146823 52067
146613 52082
146504 52241
146410 52595
146241 52610
146207 52680
145799 52741
145584 52909
145543 52993
145352 53124
145224 53376
145196 53884
145062 54107
144997 54285
144295 54785
144047 55061
143624 55069
143347 55275
143341 55311
143165 55615
142887 55772
142707 56107
142665 56314
142663 56427
142528 56559
142198 56748
141872 57031
141722 57089
141705 57112
141603 57291
141264 57356
141022 57717
141018 57843
140855 58005
140660 58176
140423 58345
140387 58411
139977 58512
139410 58753
138870 58938
138601 59015
138547 59038
138228 59089
138109 59814
138081 59871
137797 59890
137464 60001
137383 60053
137021 60095
136756 60201
136556 60480
136469 60498
136466 60725
136424 60918
136074 61035
135709 61385
135683 61431
135393 62067
134741 62089
134564 62961
134500 63060
133834 63456
133680 63537
133497 63558
133393 63828
133268 64618
133206 64748
132550 64853
132340 64973
132255 65567
132106 65724
131948 66184
131590 66273
131417 66536
131384 66616
130576 67127
130318 67133
130068 67578
129984 67614
129558 67642
129501 67672
129375 67681
129365 67770
129301 67873
129187 68119
128626 68232
128516 68283
128509 68320
128441 68612
127197 68822
127062 69045
126969 69118
126923 69246
126528 69415
126399 69592
126297 69673
126049 69950
125971 70012
125871 70028
124914 70762
124679 70835
124060 71305
124020 71476
123766 71921
123666 72344
123478 72780
123382 73389
123189 73610
122962 73790
122903 73809
122793 74540
122772 74565
122341 74627
122248 74676
121901 74748
121577 75079
121499 75267
121204 75930
120854 76111
120738 76113
120372 76173
120350 76267
120219 76320
120194 76535
120110 76677
119968 76881
119760 77842
119535 78236
119304 78404
118696 78414
118652 78534
118556 78718
118484 78886
118279 79066
118095 79095
117799 79210
117438 79216
117407 79297
117231 79542
117185 79832
117176 79908
117006 79982
116926 80062
116790 80283
116516 80532
116482 80793
116216 80927
116190 81010
116187 81012
115747 81172
115505 81267
115363 81508
115247 81509
115185 81649
115051 81888
115031 81947
114360 82120
114279 82139
113847 82864
113840 82900
113772 82932
113557 83045
113391 83388
113324 83427
112791 83569
112523 83613
112394 83704
111888 84121
111557 84284
111461 84345
110861 84348
110772 84557
110612 84711
110278 84855
110035 84876
109898 85037
109826 85040
109382 85267
109377 85497
109218 85504
109177 85562
108918 85788
108621 85821
107996 85899
107900 86308
107874 86480
107843 86569
107712 87348
107062 87671
106617 87802
105719 87838
105699 87853
105544 87942
105323 88154
105128 88182
104852 88259
104770 88348
104639 88490
104568 88561
104342 88564
104167 88596
104158 88991
103816 89768
103726 89914
103628 90089
102818 90203
102701 90238
102474 91036
102398 91130
101873 91343
101806 91434
101756 91636
101642 91701
101199 91953
100547 92145
100259 92157
99981 92668
99913 92907
99907 93784
99858 94050
99811 94115
99745 94444
99635 94513
99178 94670
98732 95069
98695 95917
98687 96185
98530 96368
98270 96396
97758 96470
97689 96811
97658 96930
97549 97950
97429 98395
97041 98602
96630 99166
96426 99215
96083 99235
96050 99250
95884 99262
95817 99340
95516 99398
95388 99519
95323 99707
95311 99749
95176 99780
95144 99916
95109 100405
94578 101044
94550 101147
94177 101280
94138 101927
94124 102058
93983 102219
93433 102336
93265 102377
93252 102437
92880 102439
92773 102518
92731 102631
92654 102786
92447 102833
92353 102930
91915 103314
91759 103730
91424 103917
91359 104043
91180 104373
91007 104824
90498 105148
90403 105392
90042 105547
89941 105619
89929 105811
89517 106360
89498 106486
89407 106785
89358 106907
89151 107208
89123 107288
89056 107392
89038 107471
88718 107534
88217 107686
87957 107901
87904 107968
87096 107997
87072 108010
86911 108053
86672 108154
86539 108791
86522 108876
86345 109146
86338 109179
86295 109296
86156 109654
86051 109756
85995 109760
85969 110199
85618 110891
85563 111018
85548 111242
85546 111282
85379 111529
84092 111579
84025 111874
83986 112116
83859 112148
83710 112282
83696 112384
83493 112529
83167 112801
83105 112840
82808 112975
82751 113570
82656 113607
82608 113998
82289 114122
81879 114467
81861 114539
81747 114891
81746 115401
81484 115407
81386 115571
80903 115773
80718 116139
80206 116265
80188 116294
79983 116644
79822 116674
79816 116728
79744 116755
79742 116766
78998 116885
78969 116901
78506 116934
78485 117225
78330 117323
78235 117329
77680 118354
77437 119464
77285 119535
77265 119566
76795 119781
76743 120320
76654 120371
76444 120408
76424 120643
76348 120745
76311 120822
76047 120857
75861 121032
75685 121257
75482 121325
75470 121404
75466 121418
75422 121787
75203 121830
74678 121875
74604 121894
74478 121920
74391 121990
74216 122251
74045 122311
73986 122556
73828 122833
73799 123115
73703 123141
73554 123950
73456 124033
73129 124060
73032 124086
72927 124688
72893 124866
72764 124924
72707 125142
72689 125339
72624 125367
72462 126616
71731 126646
71671 127383
71633 127458
71604 127532
71459 127566
70881 128659
70452 128688
70251 128882
70168 129133
70153 129162
69783 129477
69628 130152
69612 130207
69547 130599
69331 130827
69316 130838
69214 130936
69031 130961
68955 131093
68911 131127
68851 131168
68752 131323
68568 131410
68486 131508
68391 131648
67306 131678
67138 131813
66650 132130
66520 132181
66017 132189
65913 132336
65874 132424
65666 132435
65424 132874
65107 132952
64939 133099
64787 133436
64706 133656
64658 134042
64561 134116
64367 134211
64034 134243
64024 134359
63143 134491
63015 135213
62877 135341
62627 135410
62523 135621
62451 135643
62180 136885
62049 137179
61272 137397
60838 137592
60767 137813
60217 138066
60057 138339
60026 138758
59861 138767
59855 138778
59722 138813
59689 138881
59361 138951
59235 139038
58958 139041
58622 139167
58363 139299
58315 139441
58289 139470
58205 139473
58014 139539
57971 140092
57925 140102
57845 140224
57696 140461
57678 140987
57636 141022
57525 141269
57450 141435
57051 141442
57030 142356
56791 142495
56758 142523
56739 142619
56609 142817
56468 143038
56073 143244
55682 143292
55601 143998
55187 144122
54832 144234
54559 144339
54471 144628
54459 144813
54196 144961
54122 145368
53882 145548
52852 145603
52294 145840
51848 145952
51684 146352
51680 146538
51620 146705
51201 146745
50464 146752
50369 146778
50346 146885
50204 146913
50024 147493
49963 147733
49642 147999
48726 148296
48216 148468
47842 148621
47718 148948
47715 149003
47666 149062
47650 149231
47075 149472
46953 149605
46920 150111
46877 150312
46762 150376
46670 150431
46608 150841
46597 150991
46317 151112
45708 151484
45457 151816
45295 151865
45210 152145
45166 152380
44751 152450
44518 152679
44511 153139
44202 153363
44130 153580
44032 153829
43881 153971
43443 154941
43369 154986
43093 155332
43066 155402
43032 156083
43014 156276
42633 156337
42377 156395
42325 156600
42013 156698
41893 156880
41850 157290
41802 157436
41801 157456
41497 157659
41219 157745
41208 157763
40643 157775
40270 157992
39291 158587
39263 158833
39050 159081
38637 159587
38499 159921
38487 160027
38118 160156
37706 160718
37650 161719
37538 161762
37302 161952
37257 162216
36960 162446
36957 162985
36643 163108
36615 163262
36483 163367
35833 163628
35805 163693
35283 164226
35088 164302
35046 164350
34750 164359
34729 164383
34726 164484
34563 164762
33947 165246
33921 165419
33911 165621
33758 165664
33671 165853
33256 166073
33223 166189
33108 166386
32914 166448
32387 166450
32285 166482
32065 166494
32036 166635
31951 166868
31837 167284
31675 168067
31429 168164
30948 168461
30911 168505
30830 168710
30712 168778
30397 169388
30048 169390
29175 169526
29037 169606
28917 170071
28259 170408
27299 170488
27127 170795
27103 170861
26853 171510
26731 171627
26534 171725
26157 171864
25959 171884
25687 172494
25623 172604
25515 172769
25326 173025
24970 173515
24822 173557
24681 173976
24220 174198
24061 174616
23878 174857
23597 175032
23502 175302
23496 175583
23424 175632
23272 175687
23015 175699
22971 175914
22793 175955
22774 176021
22672 176025
22436 176347
22167 176773
22002 176805
21846 176947
21731 177273
20357 177445
20341 177588
20339 177708
19961 177723
19803 177799
19629 178353
19619 178498
19576 178605
19381 178829
19344 179005
19291 179026
19096 179372
19023 179412
18908 179697
18863 179913
18843 179924
18820 180059
18652 180106
18645 180158
18548 180508
18467 180806
18405 181234
18391 181357
17969 181370
17591 181541
17536 181593
17150 181608
16938 181750
16726 181894
16663 181915
16372 182165
16323 182188
16071 182246
16068 182744
15987 182788
15606 182957
15508 183189
15303 183552
15200 183623
14945 183851
14128 183910
14120 183916
13603 184001
13356 184087
13343 184097
13059 184163
12898 184207
12891 184324
12686 184413
12201 184652
12051 184745
12009 184920
11968 185135
11958 185143
11774 185317
11586 185905
11419 186452
11339 186994
11244 187149
11077 187355
11074 187457
10981 187796
10625 188209
9947 188548
9734 188955
9572 189227
9571 189251
9331 189296
9159 189318
8992 189577
8777 189985
8641 189995
8562 190467
8483 190731
7935 190780
7642 190944
7583 190953
7510 190991
7483 191204
7130 191284
7129 192232
6974 192271
6664 192334
6288 192665
6254 193268
5858 193450
5854 193465
5357 193930
5215 193949
4863 194142
4720 194439
4442 194724
4319 194780
4259 195066
4192 195207
4128 195236
4123 195575
3998 195763
3993 195773
3882 195884
3867 196084
3383 196234
3247 196405
2921 196487
2911 196583
2840 196646
2621 196819
2266 197106
2072 197397
2059 197432
1755 197449
1752 197675
1455 197774
1351 197846
1191 197967
1079 198052
1063 198134
938 199244
821 199545
410 199612
375 199765
331 199908
