989132830
691785150
648518164
81460583
213501535
27976960
216578170
770809882
327992404
439493255
488225665
374680155
202356489
589112846
87740946
338119849
126337211
62746058
975752
968367507
163709553
408034797
607452389
943141
717848814
231499537
496652
397101
294715105
83167765
102623798
252218
947576280
220846342
475508869
795291954
225139948
168416182
8111705
16649621
227113515
83942474
30197
901599121
1120496
349159654
121802377
750124345
996817057
421814410
467503108
41854
29975916
10180
6649
513637414
10306998
618679193
131828
915304758
277159156
5752319
89
415843756
923954945
919727799
42684857
144135159
3721616
961904540
17524106
962851559
167200578
41281
593199529
79529635
22637917
206045044
924718913
921025637
7039007
115638111
1041059
1053678
134441468
145308718
2581773
901308484
995331806
578368525
918696777
4710293
15084312
643091034
176398399
45096809
52882995
625999300
20015549
1611462
