103 102 103 100 0
1 2 1
2 3 1
3 4 1
4 5 1
5 6 1
6 7 1
7 8 1
8 9 1
9 10 1
10 11 1
11 12 1
12 13 1
13 14 1
14 15 1
15 16 1
16 17 1
17 18 1
18 19 1
19 20 1
20 21 1
21 22 1
22 23 1
23 24 1
24 25 1
25 26 1
26 27 1
27 28 1
28 29 1
29 30 1
30 31 1
31 32 1
32 33 1
33 34 1
34 35 1
35 36 1
36 37 1
37 38 1
38 39 1
39 40 1
40 41 1
41 42 1
42 43 1
43 44 1
44 45 1
45 46 1
46 47 1
47 48 1
48 49 1
49 50 1
50 51 1
51 52 1
52 53 1
53 54 1
54 55 1
55 56 1
56 57 1
57 58 1
58 59 1
59 60 1
60 61 1
61 62 1
62 63 1
63 64 1
64 65 1
65 66 1
66 67 1
67 68 1
68 69 1
69 70 1
70 71 1
71 72 1
72 73 1
73 74 1
74 75 1
75 76 1
76 77 1
77 78 1
78 79 1
79 80 1
80 81 1
81 82 1
82 83 1
83 84 1
84 85 1
85 86 1
86 87 1
87 88 1
88 89 1
89 90 1
90 91 1
91 92 1
92 93 1
93 94 1
94 95 1
95 96 1
96 97 1
97 98 1
98 99 1
99 100 1
100 101 1
101 102 1
102 103 1
103 1000000000 1
1 2 3 4 5 6 7 8 9 10 11 12 13 14 15 16 17 18 19 20 21 22 23 24 25 26 27 28 29 30 31 32 33 34 35 36 37 38 39 40 41 42 43 44 45 46 47 48 49 50 51 52 53 54 55 56 57 58 59 60 61 62 63 64 65 66 67 68 69 70 71 72 73 74 75 76 77 78 79 80 81 82 83 84 85 86 87 88 89 90 91 92 93 94 95 96 97 98 99 100 101 102 103
2 0 1
1 2
2 0 1
2 3
2 0 1
3 4
2 0 1
4 5
2 0 1
5 6
2 0 1
6 7
2 0 1
7 8
2 0 1
8 9
2 0 1
9 10
2 0 1
10 11
2 0 1
11 12
2 0 1
12 13
2 0 1
13 14
2 0 1
14 15
2 0 1
15 16
2 0 1
16 17
2 0 1
17 18
2 0 1
18 19
2 0 1
19 20
2 0 1
20 21
2 0 1
21 22
2 0 1
22 23
2 0 1
23 24
2 0 1
24 25
2 0 1
25 26
2 0 1
26 27
2 0 1
27 28
2 0 1
28 29
2 0 1
29 30
2 0 1
30 31
2 0 1
31 32
2 0 1
32 33
2 0 1
33 34
2 0 1
34 35
2 0 1
35 36
2 0 1
36 37
2 0 1
37 38
2 0 1
38 39
2 0 1
39 40
2 0 1
40 41
2 0 1
41 42
2 0 1
42 43
2 0 1
43 44
2 0 1
44 45
2 0 1
45 46
2 0 1
46 47
2 0 1
47 48
2 0 1
48 49
2 0 1
49 50
2 0 1
50 51
2 0 1
51 52
2 0 1
52 53
2 0 1
53 54
2 0 1
54 55
2 0 1
55 56
2 0 1
56 57
2 0 1
57 58
2 0 1
58 59
2 0 1
59 60
2 0 1
60 61
2 0 1
61 62
2 0 1
62 63
2 0 1
63 64
2 0 1
64 65
2 0 1
65 66
2 0 1
66 67
2 0 1
67 68
2 0 1
68 69
2 0 1
69 70
2 0 1
70 71
2 0 1
71 72
2 0 1
72 73
2 0 1
73 74
2 0 1
74 75
2 0 1
75 76
2 0 1
76 77
2 0 1
77 78
2 0 1
78 79
2 0 1
79 80
2 0 1
80 81
2 0 1
81 82
2 0 1
82 83
2 0 1
83 84
2 0 1
84 85
2 0 1
85 86
2 0 1
86 87
2 0 1
87 88
2 0 1
88 89
2 0 1
89 90
2 0 1
90 91
2 0 1
91 92
2 0 1
92 93
2 0 1
93 94
2 0 1
94 95
2 0 1
95 96
2 0 1
96 97
2 0 1
97 98
2 0 1
98 99
2 0 1
99 100
2 0 1
100 101
2 0 1
101 102
2 0 1
102 103
