10421739
1538827
1538827
1538827
1538827
1538827
14014955
6438432
6438432
6438432
6438432
7395181
4653622
4653622
4653622
4653622
4653622
4653622
4653622
4653622
4653622
4653622
4653622
4653622
4653622
4653622
4653622
4653622
4653622
4653622
4653622
4653622
4653622
4653622
11283255
11283255
11283255
11283255
11283255
11283255
11283255
11283255
11283255
11283255
11283255
11283255
11283255
11283255
11283255
11283255
11283255
11283255
11283255
11283255
11283255
11283255
11283255
11283255
11283255
11283255
11283255
11283255
11283255
11283255
11283255
11283255
11283255
11283255
11283255
11283255
11283255
11283255
11283255
11283255
11283255
11283255
11283255
11283255
11283255
11283255
11283255
11283255
11283255
11283255
11283255
11283255
11283255
11283255
11283255
12544270
12544270
12544270
12544270
12544270
12544270
12544270
12544270
12544270
12544270
12544270
