1500
23667448 995469034
331021068 802090662
278769417 856546889
478645908 7354374
234694714 324412563
449344784 798390963
550270873 454798624
22231147 473742767
93400081 687821783
497688577 92763554
74802515 786816655
333069995 274323036
732715590 990859715
340841999 412787095
136531477 538566234
386551620 115050320
917140982 160198925
16745815 717572688
577443414 195910400
372839315 347908075
146299038 664654481
119453105 822184099
295926867 549086263
89424399 994200604
86964158 389326948
28659955 587112976
861436012 14283026
857659093 361729951
627033398 446667954
837750540 198501093
313551413 763564875
923763800 76818512
794391200 83208748
279119148 793025967
140934043 224350967
889005448 651958463
326658915 139749433
688835697 860974905
707691862 622585782
864429082 778260096
217889424 647172372
661455398 893089038
107335341 931841788
231026094 371630844
570131937 734368739
350449966 68776634
145595146 736199702
819408450 126730118
919756086 792502698
16853665 98527598
603002414 913206481
905472266 758375465
471866723 929661329
404763463 446824315
77600763 32074937
679247309 121708897
14797935 295490187
79848327 193219060
564849904 974649628
561534719 310874421
379651055 134981841
723697895 911984685
38714804 377762553
170265252 543106346
494150296 810987242
576710075 39635269
650527087 949669062
731846743 482182341
929006657 122393810
6985099 136610206
110835456 6607420
154613960 686232408
879451468 125633391
952799372 234462287
545336709 444301372
431799565 514334091
278835129 777504116
155266670 8013813
551120159 317549933
128537175 178048274
217683543 897786807
847455870 557763602
39945943 868210630
843120792 431818965
420945524 821468952
680592725 850105891
388854652 531780980
509930723 687723037
922185324 268306120
565123845 462730095
829580539 320038385
97542502 996923410
4937223 108415668
278481953 105325524
283373798 408573734
158876894 259535480
817299082 353573693
74300676 6332764
290668081 709761377
383746682 917421468
620043712 711613605
243394585 64339407
604578796 8898364
129720836 753325309
68571756 379280472
699318858 694844681
544284444 898152295
859084315 649377712
607219588 401738019
662828106 137566268
397101748 890593386
96683431 821705000
680554116 66917182
776678560 170984107
88405576 971222197
682835803 160425242
77281001 560965640
422380356 778746740
384588401 681859797
61140269 404617544
99462226 453160158
203828805 612975479
114869543 496263022
750517393 62913121
52995741 722089131
465198869 413345499
87566851 302613842
369531024 561882301
732866408 768120967
739343165 146209584
159151178 673788336
87270328 274695320
53442060 236432179
770808328 362167036
766784581 290546814
743706972 684464950
149956781 718763159
67542533 800052129
715481602 264826325
839431808 818059926
83921778 768477344
71091186 157147030
719029331 171488629
939609597 293138562
439348147 304412091
830716780 531469114
806164434 598499325
687447857 917987108
132670497 712122846
2669660 458256185
142721135 899455078
618218237 598892984
251461466 145194269
410020594 685760770
356337048 966943068
587936764 101968754
259115784 440258826
611747456 511544302
804682865 978145115
135073559 551357053
82826167 96547364
695046689 965790339
736293799 741506953
306146151 235010898
693267084 868964296
620935726 161332164
612741500 688504571
833698840 91670315
777431085 864202966
831146035 96235786
198204541 133768134
426543312 271599151
783143454 457320325
287981793 38290768
442164173 587826319
684373683 275571704
93878395 377506692
119013645 231936724
466947623 830172194
551652843 277676149
291524665 12731059
553751982 25104921
116775237 904266165
768469132 239967175
336202961 894206322
880490808 452131519
723730670 386923854
844244180 159550473
197841241 359390476
947216795 984742325
260314029 640005415
17512107 484106830
568559907 354192424
36880970 989042105
119234606 35507530
900754941 441050165
466155087 410759271
167541788 454506923
694474098 582930324
329652998 936010920
240658791 883193412
270117266 62660159
222210632 816905814
176296290 966877798
951620123 420051873
912573640 976029438
312652620 64450504
271159280 782602100
624160557 881212527
769236409 308040251
749090416 743395163
6670786 669991350
977014626 67761855
650692179 174212574
962739847 524005076
407198488 980345178
43005337 55914990
872820804 529832107
496709905 265215969
537784194 49117095
877662885 300846381
217813237 450357835
85476287 190315505
71528033 488972518
797012769 709636844
305548359 693280794
215788497 398619537
466381393 312219145
338948071 192803123
716808199 117073572
949935102 301687918
357602909 976523040
506355147 992940439
110672760 82940065
132057160 855581404
8944137 648456955
951331142 862236397
52551903 226757375
715729893 36807429
746444273 976596288
522393434 365259014
763878551 51992632
216728129 738181931
930985054 82776296
52366221 555676200
709880471 500309606
329348998 2301323
847758115 67483380
2939797 835704145
543801901 810947227
311920534 134996958
849749707 552746039
779503414 263251676
152575457 754817962
583930602 495233307
860492321 899019730
803528714 106324037
844505968 476887224
412179873 872773195
280965748 628007375
980833333 464546094
319363769 990846219
910845951 310182331
998402828 19638236
830585464 913785748
901299058 542204729
94950768 142505998
258274027 751048766
358383080 726970534
74720193 410849484
162385567 942313683
48637720 935212514
264616091 818430633
691203829 745660040
226183767 676795964
993858410 972169577
815532148 59533452
369715783 165738531
185376768 726378099
492680199 220634963
762839693 868478584
863500934 393979258
997544376 710306813
289793700 121774961
385140798 355927456
150757491 364513893
152242760 400042717
218473350 51911563
797571604 416858851
946171167 762193531
586879460 876271723
935805176 940029577
105768108 402411608
981306059 158037311
378672275 143661228
12139812 473986259
720481869 141511968
704335133 728157099
702448412 718026245
926470053 994128833
211159079 87589210
340148279 77227545
129139108 363401839
780260690 558621630
173331513 779227064
655498788 578948209
371494138 760210974
15138934 443820316
601857627 329778598
473439827 996444994
322947605 980529902
974558222 338095991
66253090 43429474
613972071 531409708
378054893 621217855
561323417 540442124
470186021 589213972
952615811 901471697
312609679 599325130
231068546 585392853
164341062 485941192
246152166 886567334
182904002 535835200
865613799 261291101
110252447 784761630
765291532 191569978
382182321 433200052
476629526 592366107
123775815 300951764
922169619 90601597
483560073 501830708
91044681 483493036
237481085 953746095
405587577 896176844
481569698 550090764
36031957 636656123
375739810 498427112
34262313 134700475
395991576 558643812
195921794 752392464
796478794 506244023
939444075 961213327
406095786 178661115
479612879 268589953
211707902 529871601
884218661 254298850
737791887 547784328
354046775 827779694
723956539 975272972
377880089 759634352
248806827 58042589
556469701 413912046
548612521 477062989
35706802 443248366
48157182 797120450
155880825 84144948
45358275 844635976
875813444 95324901
216431206 303970413
833842014 207942675
462241526 280655461
828439789 570577028
398356722 52549765
27822737 182486564
794637268 974829613
32872202 258219178
672131224 43444095
373023437 441858256
737622974 73260098
870380548 261246591
345391539 785780157
482932485 26261373
974102626 243266167
547236580 211262281
419204957 43050185
323705646 233594947
804171975 881446483
933996248 4661787
187148351 55045049
29874663 814335337
72554516 981785619
877746066 915263217
209637825 597202092
670462190 103285855
364532446 947260800
585557309 393359090
272136816 709923986
953190153 68489794
132268428 98755794
141805979 500426733
734021680 551473385
432919868 318027977
322689764 390710007
445755057 219432468
33767805 362354467
196656438 475629720
243409289 106322321
556040766 74402505
30204712 453047115
400307915 79019308
472378399 394737159
104661145 985865224
906871370 597031567
695787361 57851298
410794383 39139798
443129535 690109693
860654022 997332416
388042423 876049403
95481871 35860139
398214606 833797480
161943552 981766029
940604702 594871045
521789902 405352842
858399957 496645468
575664777 551994614
946731773 111224224
949605800 900559528
497591095 51392918
961760568 708993522
600649673 45894808
588520853 225071304
74920072 43779208
772344964 449174876
485035015 462962495
149276328 720343187
702109216 883249621
330637018 163736232
569089074 495230271
991875739 852426920
404421535 280005383
243745959 420056868
173132748 203669660
107578931 193351759
902345282 670723843
569135004 69339499
146927155 355511307
399290515 157655857
459347085 221847227
537326075 24151831
744495019 944382100
680148074 686602403
850338635 299120587
794350858 10785092
715728365 271944062
404465797 638742950
58799818 120149900
176335912 648211757
841563516 84448919
755172762 283914843
205770695 596425150
951936457 176824118
334479976 352697850
427061430 203743325
227895156 793827061
590725514 964387505
503506260 972390175
124027115 123389940
986691384 206361247
478305309 918377973
557120923 702419749
675086001 882771107
383499216 468437094
552886013 851421914
135336757 77579084
674004235 160575127
337399246 193623804
546321655 478457044
534716721 524395574
170738987 973383085
790286942 762611878
587518405 761464501
737370793 293793202
500154449 711545520
482439846 724062178
278998279 830976111
566263570 39560769
360514215 806600633
510538899 949762786
27341870 765916580
926491708 498392008
692015813 553862457
32319502 116407306
640802880 90853820
64236905 419552575
34680805 811541867
425522721 707040199
833401 622199211
186261083 15409866
739472044 353504202
36996665 668700929
560778051 870986676
677587309 603260235
553023021 773808618
539725199 40642560
539034568 432881244
986743701 318733259
287656917 231050381
321904201 871579555
291132131 928459797
592518016 238657458
945697657 325812936
800528499 870557089
885966956 799047410
5067965 986789583
508006864 477955352
348942028 42064630
645324866 921301267
695109886 879045689
919688249 50864239
483745483 87351437
258601048 458722818
542289551 323005537
194585092 546257965
327234114 864193753
955367563 338233575
664046512 919752130
642825572 753581573
405145335 317091363
156397298 528792528
6747880 410213300
304794283 664404163
438221782 208206261
87251950 950119149
853499740 133331668
73199457 859456552
170695722 189761576
512767113 331800505
878058470 712985273
429695378 707352205
45585781 57808936
977561067 385062942
138644515 562148645
879240008 472902991
1695519 396306202
806519503 35637307
552557822 860959751
921682364 111313786
913949287 990779604
976627625 861450667
720907219 619965379
809726955 902343434
86660292 891602941
457104566 322494068
882362626 964718762
22527699 886799945
124379239 780464759
195129756 852605118
178024461 115540106
511846308 74369764
962523423 32236332
893196083 170882163
134712301 367597597
210893554 667394800
528845467 48661588
521143320 40037531
942380965 102269038
846388331 330870275
505880696 29041257
846276372 303492897
42809194 388243322
21224433 721320423
426441893 167188433
282728539 216354189
143240305 604466354
636702686 794574848
965457011 105763729
325877678 382415121
49809921 100169313
1347253 389287584
429325115 431171740
385957130 522490573
705877201 224222433
105780042 232345461
388354711 211757897
452517571 804572766
378409541 431163905
598352339 473742004
690096193 804851434
261834140 881080878
675655726 833336498
791616579 751053178
133468300 493629090
593798403 117494258
359298194 35794573
319482666 447662008
970152582 788623310
865362095 705439796
790301610 528546135
740304032 971142137
628231256 178656321
609820226 45337955
519079959 6640797
664008584 60688917
941769796 209176152
42512650 925842724
529412255 469941874
963570964 686645582
656656192 515396907
403707832 409885719
857547728 15954386
657094048 723190498
281146647 680216662
208762797 522456143
346114633 71448257
102620930 801583181
846921136 974345889
833503038 564957508
625646426 366001095
427693599 497511622
275870699 567416222
37358096 322722601
9368183 805282954
173196213 853445413
263331132 666024375
534495114 576904045
152610896 120878860
653611874 191589162
566561658 433757543
357722152 862374671
516474204 912676291
739538532 312859434
877816942 363395340
581912787 425557922
923069545 503463368
923395942 9606386
332328988 51456596
709255902 813270391
666715804 194213523
860237899 882452115
459356160 782563288
755958501 247249365
438838527 611967056
898240951 409570375
124461399 5400185
770592828 108479455
421338889 640935603
856847296 362647712
788205635 299155832
655135552 438760083
300882822 563791532
467764480 578531495
244318238 633211810
827425333 177020382
59472497 911034042
546113682 540179584
787428949 371345009
835828418 302072183
564158911 78783829
936700366 734069369
842548825 688620310
182072265 559809547
922457259 116404066
415559898 38919561
330195997 563179246
979487130 70695451
501743298 631078819
116806981 447251610
476788344 746061536
509611930 796748666
189444603 388777193
760122203 55725612
210314148 976873552
908173733 448466973
35052694 774473059
315609721 844874100
257199999 877601519
994005586 350198338
241634252 32173610
595352857 262081836
185293639 571830249
55425420 427356339
874607950 539553289
138131177 24748753
821497419 203912646
592689840 647743107
555985072 10942022
840331927 205328395
653795368 618815572
245804983 748505660
445896112 688848062
418965934 561414704
911613042 703096111
735269722 265487872
527569708 5763646
577593895 183138931
610495270 565379700
104932989 485535667
510284420 337619572
541532219 243064167
743323626 331781840
195240214 134222059
192066806 151825050
770640622 35572141
636594154 845862174
534710236 16445605
430376661 82490266
638102730 953676170
71680394 194506056
200269702 225888804
261544087 599250103
17146155 777863598
115915617 872039357
62175282 122079144
217659663 626200038
957981878 456223853
442962264 960983290
112808340 5738444
41310586 635029070
480891244 883448963
752410920 677904740
612911358 868117832
674310355 182787582
377293638 103530440
181935596 745990749
197757204 577563340
207943290 443479683
168035393 214903359
336982504 323858908
950058946 230210675
686434528 554642167
368141809 760557176
766295620 129396792
616942214 480950150
216915465 660122558
190543650 97833458
818467642 969326385
4630319 803455009
759501801 492777997
91285099 234440309
812003650 941437398
384917081 289042303
503945663 872463292
48838552 552952474
635679501 840928167
248086686 998897498
611971026 174630381
156543525 616228496
949694998 230782999
890905557 773485739
723835549 19126815
988453200 81449208
737420569 542303192
887597541 845599872
80040181 349438722
290876120 978882640
267924944 744560183
617023476 528309554
81262028 771870607
465315126 665862028
517275879 569457882
744088263 565918164
34663012 981763257
65062608 900631789
674117528 984358010
3484825 955968166
889933726 250469430
792772622 844454378
690054250 479870647
829309369 532886515
511769156 622610783
367170967 972701842
501011396 632210452
256597411 836710795
355089175 434789776
4247658 721912537
140347053 872365054
706644664 600852274
501484063 175010066
159368076 771707272
580191790 28117943
278587373 15369254
859823632 322641868
802512515 923876347
456762863 402394234
25005017 484338237
309556431 821048371
453258823 244692336
81403131 810567827
97873955 709856234
284285123 436492307
161373713 954637966
555490240 424632176
599642242 868018377
492242002 909490655
937608598 611526671
626895925 72433792
395075661 68712324
992588671 486719557
889113791 50104528
386959117 301867886
122916257 766635160
11327497 696515548
359599727 428691432
991064018 92730628
381739287 457473683
264628001 127865493
552497670 395629353
116164082 820118241
582125248 4656264
616182935 608406084
680839877 372250198
440962522 95595212
582314769 928431890
978536418 286067546
440451784 323944912
90580073 218011888
914527436 415884394
844575826 954423922
899670902 274127164
584117199 688156197
816021690 133926542
529555895 848745200
521379793 221035712
225691977 645719977
254126062 103505041
475755239 694391264
789986477 787482291
715914181 769234114
55301660 224817598
548762511 546966951
764978839 348269796
764154190 491858936
298799210 532022628
806149792 461246369
149402566 198470112
332396654 242783343
91528543 965424256
38976321 861952549
360188879 612908336
568929729 264668298
959059562 614314941
254313584 44684968
666435434 601562391
826379990 970227765
369711068 574253446
922523243 227658853
719517789 987206260
519228888 686677433
440154 18316999
69303463 177895032
420678375 149842720
967783329 254216470
116169019 364723270
977631606 6759650
123944300 328874250
943189191 399077687
296279007 83003862
537082606 50019127
20246892 962714442
536967888 363462596
591121449 242474313
82196925 312007483
998684917 163155590
33988941 601425813
631837197 999125071
1484144 103292404
210025226 52515572
269755194 969267473
828543475 178710598
507584848 99903152
498980839 952487775
888007989 303290392
353309519 795259846
757974288 425090595
641069543 226072764
468547077 147458529
459466012 84707344
247862934 550744002
4686167 310667281
162308705 134368227
90176984 636523364
541555288 16309201
985576674 300202210
478912808 811310482
911213634 666636501
619124276 986497657
289788049 262710825
57970671 359648617
784739213 643097568
869170332 668461312
815919841 278325108
363032453 190233761
593494115 127902205
291085839 610895387
745263615 598180282
87219998 453394544
469703745 835440599
135642809 481291638
145118472 307796771
974433272 467071970
453569627 56332106
171559283 446073900
805722517 595874028
91487948 229529955
897991267 442978082
721303191 960658281
3408394 566427460
546846017 84335644
547747383 596902510
47599144 837931856
143842752 145527350
833484301 134819143
468627133 613546497
773859620 821643463
288715433 613745606
522594064 600809244
46883144 594801412
190675440 694153348
923683303 705122014
616448 282163388
95338021 674190922
93134734 574435991
511287987 98746416
548165278 639980751
330428960 59035371
57079073 448280774
435616269 474271712
87818210 890563375
564723190 904243403
517989009 714194182
315003427 853438623
300756387 40583073
587252773 214402923
772041289 491431827
626111567 363452428
37643350 772657738
199610081 721449589
672712357 983294436
475791540 710898069
622449792 73393987
521674761 806220500
280492212 679528865
422608592 957291031
714050786 220826774
935020957 987331782
693286757 84556147
125139220 102540736
169460011 994043144
337991323 564908346
928360774 941501301
566675391 964102891
538068832 818520477
801814913 766285472
477183541 63297541
136691528 130122805
936343305 99633333
631678551 510882641
320690024 69351870
290178644 906803495
746651630 34740810
119296957 77715953
32773041 292454739
139014236 96952530
514377228 202233053
143734354 477005559
293624802 442738002
113774831 710409745
329211569 684209986
747507527 915589745
45712550 806395111
758544796 736715407
100114401 834572208
903924078 242739699
2059547 273320777
160577940 46619074
124335028 748711177
41165916 132391249
81860131 157108069
359341122 180180152
509702064 596237359
38975362 355591828
66001573 803326866
340053205 5266545
920856290 247729495
54124606 87560732
676792492 819085193
506173753 665185754
760441806 629423245
902744022 410097831
456716905 762501353
511212530 63321962
195713212 433568285
590676355 404894798
585074951 277573343
873810703 802533829
158125658 94777015
750620233 765302417
770568962 76643583
324373078 90673438
30750523 543941605
215543150 231014036
748716143 560059367
41998964 721716903
984331086 509157949
124175654 944742986
8064949 293564343
727132629 635388184
40282982 56294513
186384208 170325336
972859165 477874285
425167652 60194911
678013680 130984823
60144759 28304238
971494028 301098995
697556952 237034189
468048226 854760903
267336622 913100102
487333357 69280721
578438670 309335586
254078573 324180795
617745138 702614324
190518860 114659874
23470739 344877767
515203103 83318194
413708832 209854947
122566211 340578621
324079796 838876484
719697074 800579891
954195238 384224555
621258745 691191103
398468358 651752190
417368644 941823323
11104044 665804981
975140567 757218353
81399148 442059066
144673390 81735492
196395366 699144287
896538406 187708602
123543148 219866105
429721053 264257862
604836483 537251980
228644817 552287264
205383507 928916279
165657187 948341891
492049346 12095098
663847288 786915932
581255607 890517705
556322686 933732285
690950638 592359651
34418717 383979605
465715098 624866139
176526778 31608459
71833413 662110464
734492922 73065184
337323046 195376561
732628542 16730327
569017591 942159529
723592161 961273359
762131602 626917450
639012548 889249348
528681632 254180949
144698654 155376189
89108474 109937239
554813242 553537692
937517297 632575464
257441603 441748311
325873122 255748747
917859212 433968381
359549918 397706535
445599448 504868486
521598813 696872964
491548846 30744342
992017701 90616404
570050206 67657359
956906707 606665656
860846605 209062755
364438944 485588339
448041930 858061611
264115655 306063770
938639234 2855172
444603483 54149304
309898052 48597190
482565571 770476605
20699492 80273616
585142102 842115489
391504806 466298940
497043283 106740915
49873671 735570004
803227363 341577336
948242992 472440229
681502984 760134070
98238761 661605949
372183912 898458280
204522050 546280691
401652215 488815919
542965224 143161285
44274827 846255698
469248655 705379628
785653244 526840398
221472240 342464499
808763439 223311698
182568965 465493398
201063402 158323074
352416763 84958988
557399217 4290765
616941187 153176107
814782057 91418554
989876834 567696300
113976991 39482321
528298241 46915237
42592874 368145558
66917608 923779817
629159445 86867701
466224451 536166263
878630762 267329041
343157091 687696691
5706441 539910553
550749980 525726056
463201396 206769843
63576960 903166743
56342850 20600613
964535519 533034499
100730799 723641259
763123581 806928706
853843943 67224142
435369700 143938174
67717991 748953169
835820870 502287308
890969923 549393788
669239181 154561673
842258365 622117037
14543943 12396272
390638680 847964806
907251002 565293923
468460666 853840076
726957041 970827962
356378814 377319868
100961128 691492561
350937619 457109613
376850108 716601061
860539235 57297914
806251083 812219808
167023469 780773578
182683718 494588305
649149978 57993392
532626782 851922899
716835523 343924695
44405854 547170725
112464648 107474203
961314279 951656856
775001170 433441666
810761534 540787672
84796585 131379984
441005950 911722662
480840075 435734204
493032118 817856058
482592218 193895662
974669240 299283201
793871506 649615687
560125432 9869310
714308561 295537837
639462532 92752214
492439291 431144084
391134639 683868386
635525242 604903939
38345605 204965270
745752943 263042765
394422749 701623491
465862506 830549528
266283733 835428699
505801109 946702581
140598244 759315851
911115405 988393328
490525367 967783836
977653147 557503263
853041100 50650799
995919365 544478060
975622145 492503633
28888371 340875008
945778947 219273136
424238407 664413614
927456379 836640904
390780748 169991350
540878 174395480
862340532 856643254
803345835 119340963
731173167 368141641
209051321 796460431
764244268 642288572
52308187 699576689
602743840 594413767
138891827 905349288
250369273 451179558
792054566 967030324
38819813 279257644
943671258 590349866
279507122 463058220
633049570 723643989
750555822 670287870
526931124 486106800
457964116 612896354
833554347 182793312
979253743 189137283
683942207 42605669
742182358 596014363
42944482 736250394
641599682 197442550
648622108 34352662
853899338 891968955
23742952 440676675
31026541 892719151
355777371 967414210
543574552 163050015
833337886 841343293
179966446 146646726
759543080 212785362
395578674 637930562
827067845 445613779
488219448 227348770
675879485 363526404
99776798 82918158
280360709 718823968
605692982 593892833
338378140 928982817
222175844 459592320
204827824 362121092
182051655 105718737
268768753 560605195
254464841 725626207
872272933 102106639
167408353 434431287
72361849 484332365
929946144 562987028
642852150 751946046
115472450 270681945
206116455 318731635
890071955 67765600
661658433 486477164
267976334 495764937
807873610 36574
362157666 342668530
448387268 12701434
425822981 544209321
122351880 569672373
524295364 680287822
114719109 847141165
183989882 691703717
107207097 39597310
791543356 113936027
237134324 750059247
68790883 907015806
974781407 443250779
782244296 811379190
159660480 488956192
488992766 50220630
245405512 967534090
980235524 703666785
100392458 693792780
115981505 258574857
938862680 222744339
69885504 640276869
331980587 53581789
93179100 106391739
72844118 439187684
41763284 737238808
496770967 309978442
605745573 110554167
774449709 324068726
813024918 387989869
290726851 934110189
901644279 154534037
858200822 536132364
82441496 734396155
992971013 958593280
33853971 198423002
838699871 784350045
690448186 103739476
62647567 23196810
314900847 636143638
373382447 135491685
445470127 356664131
319734650 870153414
46738492 51215700
291721922 94184359
28294549 859763410
14297447 434965125
971097489 782455180
369367688 872498269
683607902 906055338
104478340 214855053
999205098 717461873
673717701 795694563
671407726 542169636
178313275 736365268
871856953 986308573
342972704 404212074
126881840 169843432
73575485 662707354
609408065 173620332
33383742 365297407
800262532 490218966
125190499 47681190
772695811 623876374
382448064 494558187
561929592 308820065
26281939 339442756
135137319 413651042
955820678 699999640
288881261 659061397
645369970 134133953
390862379 160738214
330581647 840859026
356082732 517744219
691364551 404157132
621970891 965490798
455709764 724748294
624945836 274749775
898626149 580900263
927974802 250157999
558978065 133590565
473033321 489904394
903555436 437776356
137775996 460686993
119748390 711892467
698542772 279173609
439911824 617634713
458493739 89405152
607149371 623009823
27166955 814576472
632583622 151030275
875778569 501654198
776403973 88293386
521710002 353240757
455915108 527546475
661137040 302201156
792105551 14893173
305185881 134170362
594857355 548177339
112586158 295478230
574651839 567122097
184756810 811128931
900534083 14563663
490089838 495766902
162859726 360199806
511230081 369773145
871427343 795443348
736253086 239525002
445282111 647831317
27894144 110479440
412680597 901197220
768606745 689031184
823201546 57302500
605479839 73792627
369270857 270575253
837697351 718065998
381711281 943922696
811002712 874970513
370737415 134761716
494961522 153608902
523382048 533597141
181556841 858707956
98232958 394809391
895157060 917809928
28289368 396031422
297228642 923051204
612082389 440969965
498272465 65835387
992144366 287800287
410891893 956268657
526851007 213931575
10370624 101105596
976076109 908562288
43324004 821373336
974982238 199329877
732927018 390801878
249509834 350880638
745690030 914483860
684810140 200259145
596290567 493363442
416414647 713099508
6585826 746035561
664387300 881013388
21330027 357374643
313643300 656531667
870463242 432221920
533327516 840494307
601572947 880833866
554723554 509403626
708733503 644896951
35698830 382222145
733102783 294176873
61177085 137725016
190500513 331309165
824672608 745987225
311603086 786791080
385342993 93603607
974616995 170705264
528079907 49730294
558778313 995947022
280685295 841723208
534733867 281757907
15108126 814012811
175932789 136306815
633720118 569831680
804570177 884666292
31359518 521935300
512176669 390189313
721498478 92536603
691040181 702677182
341984615 398687438
344807397 855159619
25864883 727327608
777057902 171940744
20404119 553944790
248184350 188352567
470110475 301089414
115102225 635434570
624257737 485218601
55050281 291035015
28217659 110494207
632429508 712136811
102326124 59577177
4630133 144606177
699799711 676340954
75028393 548186666
255862637 41784326
769111935 272352142
444292887 281727520
688188662 398686189
587038757 464697006
765786420 936373013
424323935 57149232
394884185 880888645
24440012 48581672
159075879 302450818
14587629 52657672
964751201 644021739
641144268 116913753
645771060 821897686
222600704 340943980
235244658 573315805
845667947 478463341
612707213 4356593
255559135 289960834
754657840 300895876
89785241 695114244
604779828 372960612
106365610 514109176
415207200 999664013
302114831 130805622
35979646 574283079
70821171 169218813
138648918 853247200
527661238 711965439
52909419 784419978
357735783 750261943
81241636 140670430
145027023 55920083
345880917 693948850
847361078 253102510
948216754 953055110
326015722 937146319
303771847 405512934
405176947 432381332
415703307 718979047
145778478 559808131
729026944 451682953
157446505 216599649
928565089 867675862
652095841 685107744
287886039 833990860
974661290 862347976
918268059 369127675
915592877 972204666
77823528 116665329
69720439 762953955
552616626 878556635
284069569 248252513
680633846 708904825
280400224 541762869
101571000 96337153
400536458 426178703
495294704 830597944
550790158 557982964
95607060 276376145
110367006 55402351
917750328 383493099
752620774 937544648
762265666 836018387
952683716 520730004
136200311 692605547
571162182 874920507
123173021 688816938
250238115 707748103
249510972 656323219
605176724 530638340
956817043 203598324
34196268 5713182
416212498 304628099
581004245 437502779
492905130 511819558
895312657 543887603
333948603 410655458
99190198 500449784
21179788 96214270
641336169 904390266
779310774 9896451
698713389 65014703
772762806 755000147
411323366 948951505
332106197 22273779
78388455 16500090
874729624 141439592
446067691 112584724
402603855 143458475
507794385 27071936
570959539 895508985
158680796 255623395
756073179 904908143
853638765 257870994
14777612 629769319
639665770 347491286
412505989 794088386
401604885 190895512
992363369 185268795
60058926 812928251
681944693 324469566
465909158 138447382
103548458 409190670
405165497 911976849
791565138 506152313
254177650 912959882
168583277 215041029
119949172 412858446
670729440 777172808
259458479 826104289
26111927 685507053
332111791 899124250
942536114 438617916
623886712 733716677
399161280 934899483
111885401 536461990
674909372 933622326
195329348 430310911
194804112 630974182
137126495 600494845
513454727 986369250
201410280 243820498
656678944 534554357
311727165 173875804
852496446 179924737
865431790 571185645
322826247 878608373
317226290 50059933
636292962 117878713
52778196 793629354
330091344 35454243
821592921 17179949
447490860 857517069
488491251 16922269
617417114 642294972
481180575 478134099
721954597 983388193
517942550 682590855
708983011 231149893
411074630 682186068
105888065 561479457
292604183 129022772
179082706 428714312
546593025 609830473
255976179 815375668
703346263 451887573
321583874 586067523
296100944 377455536
394377805 769074734
263886058 784592196
115242647 864311271
847699465 745066633
280173840 689713596
920863489 218158367
900344435 989156852
403152661 331938120
460960892 6232500
287463164 695756844
158103669 492559950
160451971 686572541
138460114 414079848
852663724 863798234
93770123 312560340
81635074 148764668
785873216 488147928
204975552 198037485
795620470 901115863
443345811 52675017
123349736 75794311
917467515 364209301
548663773 876210524
734959376 173136528
721409725 9624665
354700968 22422541
561511434 879513394
146109595 515152939
231467525 552487901
865048241 998773319
54339 325237648
813385577 799199668
997237153 785927556
539559771 18361129
923552498 645373975
573684638 982905583
199631236 899418586
775629110 343668505
516805034 748295009
610436026 363104839
238043732 90731111
970244505 965136994
332806285 799555166
352043067 968870452
820160123 564273811
889511459 69607661
868807329 820214463
458658371 555413388
426290869 718560834
363934809 850734494
686156429 202359719
101778306 937619448
133804305 885787665
486599026 729923768
93028607 650609339
741340450 949551405
767204751 331072339
130627506 564101308
385488112 100011037
664284848 335186925
404794586 205648236
878379051 406312659
961726048 126118267
844679101 189553774
40288268 388016917
590376637 61130263
998749711 726444698
464748715 544671295
274595063 132554016
635679708 803864094
753415499 220140023
551212362 229536510
646154170 373136602
473147639 534356220
722059498 31642283
89806871 989948839
396261499 126854084
105488704 968185922
157739696 210503899
598520816 950167805
11298068 50544316
776989014 41413805
586085100 862564131
847634500 94254082
898118176 713196516
933336539 335830560
565367070 504050027
877186629 337065253
871421474 64037593
95679876 202850621
45315812 445997324
425367760 185486747
6189021 441577311
652081210 530856464
481024270 163928717
214473033 103118379
144532184 344838690
207402822 843978400
938232482 583133637
148846505 55037322
243384234 688867010
45433389 82183044
419248297 808751304
872788897 775136370
977986991 143186123
589183447 820985125
6471872 23302804
317396467 14551208
397924024 12660893
29105962 821994030
925112409 878948294
76303337 96095348
940073748 922160945
357810934 283706159
191259833 730822582
272205944 506657439
441356835 434644067
95911723 317639333
92775703 860605133
856307608 821216973
642202098 923279047
799098203 298007408
165074968 501190323
366367568 969011022
791005052 562998992
294463639 247989883
344085231 568633813
343311111 370766976
654473135 284158979
14981561 553638397
60295837 698249320
132893387 139703857
457343190 354169024
67290509 81321462
902538435 402635245
178430644 923598118
221605526 397256886
750963561 830045199
799056222 386680494
949679486 117331129
217837364 442577626
863727792 96659477
467426453 561922595
846081574 59555255
613193652 121899588
672665260 713579487
853283344 526005841
880174866 658074999
739396462 163142886
418294484 947465375
871063493 494451249
744224487 596725128
279286680 945185371
184382217 495188048
465035530 78342902
373436880 134061704
83237533 682872894
97311842 89681024
149236279 550663987
525079927 943393416
509489256 762429932
288435773 197745188
855820187 215288952
230948191 21126991
968592367 447733001
794700603 649242675
98484155 692172212
637357584 538925090
886629491 377770835
308630089 821739801
808317857 204181373
887054267 682066970
771747994 891555391
294735730 984366109
780275878 920984274
535930558 819815657
17560845 142281486
210086790 824366331
845493323 725897385
26146738 441034981
90277656 666602042
358774254 820847341
212288784 188761812
566532647 848648190
522904344 98918275
155616000 875162737
409746059 183738553
75293944 42670267
879552729 34010405
807511031 222546026
42361684 512344959
507142797 343441589
20324273 912438881
490852618 717229587
158264569 718333948
384935990 516999357
190363050 101058577
289820389 596226596
444874787 255168186
206602813 708869389
436548478 967779131
4034036 362218813
257405433 846294537
732821294 79327981
154390359 136958162
501819473 540332326
736290267 196752043
109190925 8962270
578708209 756614540
327464840 452559895
969559252 736972778
838031356 712400830
161143779 12438655
267606841 980368097
689237486 606018566
426314049 474209655
836428468 125785964
824596853 430348085
362192418 93833901
83308415 409934500
950266826 516582778
565851173 437644240
299122862 539073445
148204338 527558450
980118346 877831072
467320202 475669178
40586361 802193950
814632605 157867910
138236008 201730140
807748706 934755799
261481806 679989846
658292163 86579107
369443544 97910274
44260528 335405368
745339868 731635963
100735093 980085295
270245888 548123046
87196492 666586266
46661069 421885102
152232526 87917182
563586360 26779415
828973365 619552729
629936991 604172721
805902861 496122323
283394474 620689351
153195550 466167919
552747026 544876280
495302906 811487713
999409433 922190571
506342886 392079786
224681434 597265654
145388700 459594331
126180597 494927322
916812424 85101544
25535078 25358018
52137433 69044951
541114032 589121439
193294160 733627151
82265826 23567375
644256727 999197022
317881293 365660300
910536580 797452277
461456342 870628320
645335243 405839486
797919273 460865775
58131429 4194481
463788812 22600707
370044381 56036482
993654378 442485761
467843780 139373157
60934460 19189457
460827248 372497565
106124716 454564844
478132220 654121408
505834782 188390542
554050842 122388947
919841224 823716076
546860748 317103774
722943261 233813918
694679693 44712343
48906824 373378886
248495945 605327475
513880309 365211988
660214101 471056678
610429835 360051039
231756848 128057881
353071799 523880648
978445492 692584096
199221857 459196515
500103410 456577712
431483011 557572991
233805419 54154252
223774379 203840587
437654505 780666167
677894862 946717640
172612878 132334199
590178026 579318038
944530026 273625175
744681853 956574687
169142078 457260480
437834713 207628040
731508688 400898927
945999375 790906512
102619380 709954181
19048245 145221232
555310576 602722790
509393394 450531257
654371844 789115995
422298515 733167773
532401765 92026350
76876901 100193377
679511416 705014643
978639818 519571279
328662318 476557794
933818274 575838023
783466064 497804396
898703323 224169340
15075852 514974752
77445285 697219051
694956635 117695232
720418022 96493531
399541140 250267211
39383207 82327769
815495542 906429336
850972038 314198074
414391451 347897308
905428303 780365291
152452922 946419219
275493366 736584474
312422497 481115240
978919637 61827992
285997332 95888561
463379666 730139312
427358363 301073185
271284769 393341303
342351186 122314999
225098562 991702792
74030561 741892326
500838015 116998121
431196195 742042455
89939763 351810053
132175345 698103999
644523218 847884419
584468893 137144619
618259860 920016584
981844577 749407742
697812656 597179497
179835161 120358261
421431446 13708674
407049977 607193525
582024876 692716216
536935360 749401164
343809842 659639790
776637912 463482273
58041080 844647857
48974263 60350459
758454458 497196
848381615 33665960
170810579 255494029
28026965 285366860
34774602 789070439
238766288 862387894
982746156 732587258
746295932 418601450
25794975 256693954
949410170 5862262
755263426 460336203
119975993 338861882
654860507 99073268
943721126 749130257
661997069 712901588
713398784 992695389
26361349 272967879
528461908 561780399
847147259 49688280
838758720 409005226
271393120 734438213
319541824 77525008
496126458 106655628
363349583 65837756
71700018 374437785
687290340 165276105
504137988 679479796
778553065 659782686
261429295 11514847
724416435 574790543
420002284 923426364
196394244 437815219
852111970 298879985
348568265 577372504
986377730 551775581
286213795 39843337
117368346 110287203
216942831 605755619
524109727 466011156
840448942 580292414
745568520 448326098
127805894 380255634
40038320 102222860
113737707 758875311
186182206 301467616
77410332 838154143
128485714 458700842
757580827 273804576
851177081 980597685
532373266 958665445
998508782 690071163
800358366 671103413
129375384 115877128
434404637 17301198
597593612 653485112
954327562 127369931
507625565 195678484
297901344 934649808
546041472 547663886
701647854 411639052
249793195 732223678
43440873 779058186
52862763 378278909
211392946 801021700
612203497 756556196
299143711 743766213
267385978 610712280
579105760 99502078
116803276 396761363
50246475 13510397
140880328 566913240
762591725 857090389
791740197 501022246
48686132 60493069
324648473 190298021
922521700 602850338
381908524 574441668
805236930 965962573
619500625 287287639
896360187 16629876
