184
25
4426
4011
900
1158
420
2468
868
334
0
2540
1532
466
2562
57
1051
2008
2405
533
1554
684
4337
2760
86
2262
865
80
1034
3929
2104
2478
258
1952
381
883
1759
4645
2304
258
2592
302
15
80
1611
1285
2019
752
1271
1137
271
138
4040
594
1783
4720
1789
711
2170
748
813
3629
1452
4403
1113
439
3220
2148
2943
299
1425
3800
943
1525
2355
4299
810
3690
1019
3452
1268
1089
471
153
3711
793
3283
738
4919
137
1227
3576
2027
41
668
587
2524
3822
2166
270
210
137
344
1476
174
3828
562
45
602
0
4567
2726
2058
4516
1893
1350
1519
849
4061
996
63
1873
4002
3484
1603
678
708
4116
876
3595
1957
3097
90
254
418
862
3299
279
3116
3993
382
402
1895
419
4516
537
2747
3554
451
4474
413
605
807
2214
27
420
1843
1264
3302
675
2892
2403
861
742
2403
2206
3833
388
543
4299
1658
483
1221
2073
798
541
959
995
3022
360
1967
311
657
703
1051
2726
1191
2064
38
375
2510
2469
2010
4377
1039
1605
239
27
38
900
1748
2973
3245
886
534
1687
472
0
2430
2200
466
1629
375
530
4426
1204
4735
1173
3819
107
39
3069
3161
1002
5038
524
4205
3843
839
1630
2961
5056
1655
373
4600
167
444
4014
1439
3006
1465
3205
1914
1607
124
3482
3412
474
63
355
809
1131
1429
1041
2117
3198
2369
88
2418
1331
3678
1774
2500
555
2887
3922
1280
3671
1404
763
4255
3210
570
156
217
994
1298
1078
800
983
1740
3941
185
4919
2583
279
499
139
128
2846
2351
1000
991
3326
2490
3019
70
4526
1418
2736
2257
4685
2549
2311
224
2000
553
363
2504
37
1223
275
752
657
2236
303
2633
1874
120
2673
3399
47
4044
1851
924
3680
123
93
12
670
4283
2961
45
1135
181
945
4168
2488
2710
2151
375
2018
3590
4003
1975
2322
1095
4287
3928
13
2780
1851
252
315
2480
2264
3468
4040
1184
1520
3578
2424
317
755
508
1135
306
2371
109
2089
1669
261
4856
678
1836
1647
484
849
123
3408
3330
675
4062
3974
2903
896
2278
2822
59
555
1305
272
1989
588
1161
2950
784
2331
2524
627
1080
3555
138
1086
482
2684
3969
874
3246
695
2872
670
1050
3102
1301
541
4720
3327
227
2217
3124
4622
1863
1273
507
3540
180
1350
2192
2607
2757
1532
459
1832
274
1599
2964
4518
1782
1892
3466
2230
996
3875
931
1563
3361
1860
4115
996
2659
29
830
3747
1647
1551
463
465
1315
2351
156
43
535
145
3922
1893
1681
456
3053
3196
1486
1182
1760
3228
2857
2030
2859
22
3000
731
3664
2449
1017
1311
104
142
158
499
2733
4349
345
1373
2781
1396
492
148
1295
749
2188
2576
409
632
1823
2710
3444
405
681
4192
905
465
2926
1450
1001
856
3024
3328
3130
174
703
2151
3017
399
1705
257
2422
3355
1633
3380
3481
4123
1162
674
1654
2018
204
4147
1138
3307
1608
67
3109
2424
4442
3106
686
718
1211
1148
4355
79
419
3246
105
1218
2667
1190
705
0
3934
4453
3010
654
1595
4662
1974
1121
3118
2743
3837
2807
2929
981
1213
1199
1224
2853
441
662
1353
684
166
518
1938
3865
101
75
1950
4377
610
3198
252
4163
1230
463
742
4600
2501
1681
3921
1050
2520
1901
1355
4480
1629
2147
2585
1532
4192
43
667
125
834
209
337
4649
1647
171
4566
1116
1737
1826
559
494
1529
2465
3367
1469
2676
2008
100
1554
244
2752
2142
1275
4417
785
3484
2556
2199
578
4361
1681
294
3472
2198
4029
715
644
1166
91
1829
1486
703
977
555
303
2491
2448
734
907
2196
4938
3786
1050
3094
3540
4847
3576
3729
3853
286
1074
764
2847
63
2302
1322
256
375
399
1996
3221
1573
1250
920
1448
1638
415
2448
1874
3495
3365
2353
3367
3336
3135
1204
1631
1099
4776
3554
1090
3439
1893
1174
1456
1281
5059
2631
272
3576
4191
2419
227
2239
254
1383
2676
3781
1359
46
463
748
1463
1794
2636
1606
51
649
2887
4192
320
4857
1554
3263
346
466
3119
2008
1488
1372
4569
2743
21
936
471
409
524
525
175
499
4011
1486
344
1643
206
2403
1053
4355
2004
2699
3822
3118
695
67
402
4465
95
1914
939
4055
3424
2808
2027
2733
900
949
2094
3246
905
1204
3539
83
137
3148
2215
2644
2025
1950
1524
0
4570
274
3330
354
1724
112
237
3604
2087
3754
1367
906
1890
3432
3194
2021
4284
2569
1775
1050
1104
1623
2839
268
1677
3106
262
771
2193
973
612
1227
4788
958
3747
1677
905
431
1724
2817
2348
2553
3816
4747
4509
27
3323
126
743
2636
1486
540
1526
4156
533
204
2404
1926
1601
2626
870
2424
1795
330
12
1335
3963
1229
1048
861
2118
3130
0
3785
532
1957
4376
2780
1411
873
2800
158
2544
3524
3957
198
4168
140
2018
4887
4355
596
3859
1332
1559
654
667
2402
2939
3639
761
3785
1211
1423
3213
3245
2205
95
957
234
354
670
405
532
67
137
3033
1764
30
1486
186
1138
2529
486
644
30
3206
2411
904
1398
287
3314
1218
396
3963
4674
4760
234
2051
1079
1134
2008
2203
162
4012
4072
1658
1559
589
357
1737
733
3816
1601
499
4053
1775
1496
2025
1961
1405
1337
482
2000
360
2026
533
3163
2176
2932
2199
481
463
4574
826
329
1735
3221
667
2349
2032
2549
328
3394
5056
783
2445
1311
540
560
215
555
1442
429
2797
155
1266
4112
3243
862
279
570
99
1763
174
1320
4453
0
2323
4402
1957
747
39
585
917
3816
3656
59
3198
1895
3873
3626
950
185
4776
1450
1655
1038
822
1752
3294
745
11
212
262
156
532
3599
334
2147
2026
608
525
1784
1171
345
3245
1650
555
303
1777
226
446
325
796
150
220
3725
4222
821
3098
1043
41
1241
1636
484
1386
3356
1588
266
409
335
3753
122
2827
202
1185
206
2480
960
0
296
897
93
4383
2212
1074
1992
994
1620
164
2459
251
3655
1706
1101
35
2009
453
700
1604
939
1312
0
30
1355
3155
1865
2480
1992
1601
3839
2637
90
1611
1484
211
3547
1433
1657
4040
2420
142
3841
2594
375
2080
2021
119
4574
3643
500
345
4161
4337
733
87
1952
781
426
94
185
318
2438
1301
130
2145
1084
2822
2948
888
1600
586
975
1435
1680
1922
1184
51
208
213
525
1676
2507
1411
913
2217
122
648
1973
686
1146
349
123
789
1372
29
1385
3913
1079
771
3680
2204
2469
2434
3770
220
247
102
2309
2553
2683
3272
4192
2112
1155
285
1490
2771
1251
683
1390
3981
3250
3875
1390
71
734
3437
1457
3097
671
773
1305
2272
175
318
23
3658
707
1035
276
4637
218
4767
3246
3006
1080
1406
4101
1218
480
1848
405
898
3240
1763
2852
3454
27
541
93
866
775
920
4934
1211
1178
227
148
3221
354
248
173
1286
1134
1860
1039
4442
3249
3409
1021
4835
3017
4644
42
274
1971
780
84
215
464
915
2710
3155
268
364
219
743
2291
1872
272
2354
421
80
3604
2052
59
193
306
2194
1783
676
182
2576
3728
2236
87
1667
636
4644
1848
870
828
0
3492
898
19
1443
122
730
1405
1439
42
733
2681
2940
1392
2751
1091
131
4205
902
799
2180
184
1384
1464
156
714
2084
4727
3404
2518
777
1600
337
249
1520
1562
2087
2969
3244
1963
222
2808
173
2349
2956
1255
3404
2354
649
1431
1667
3404
1211
213
116
81
747
405
1645
810
1647
4640
315
2915
3479
2282
3093
258
211
224
4040
3167
2424
1625
1039
22
196
273
2928
1829
2080
2856
1734
2646
2142
4526
1877
1122
2195
525
3131
2284
1108
810
2653
3180
0
2433
4854
72
96
3233
1277
2433
73
849
1161
3410
2462
2664
1507
3979
2538
1669
181
2049
2857
222
4753
1830
208
705
1059
105
453
2156
1455
1305
1080
4359
664
2195
3922
790
911
507
1258
2648
946
1820
382
696
1086
2419
747
4622
285
1337
2072
728
2082
391
126
3356
3981
420
3483
2189
441
2950
975
920
2491
2180
1593
1050
1526
67
176
2010
4674
1979
234
1858
3531
626
3029
3261
3419
138
1937
482
2892
2730
4474
139
2647
3576
763
71
4162
110
2080
2219
4760
282
342
2392
1975
39
127
368
608
1372
1390
1656
948
979
4334
1489
3905
752
2226
2487
418
0
579
2232
4846
2115
4919
1553
4020
570
382
419
1051
3040
1603
902
704
566
731
237
924
1071
936
3566
1559
1578
1563
82
402
1407
147
2839
2505
2218
360
1487
272
1105
591
862
1669
2497
44
521
943
2810
4560
329
2073
494
242
2589
1812
3426
206
1835
3723
870
2212
4098
393
1211
3744
3037
3712
0
861
982
4101
1298
2810
3576
2188
3722
1650
3163
2843
3875
1330
356
1226
318
1834
4614
3610
1952
2510
2551
3328
410
1261
350
1898
1245
2212
2272
2103
3610
2856
258
2177
1946
35
248
1776
972
1926
2950
1065
1102
296
2061
2073
295
2015
1332
870
475
418
3873
1425
2527
130
2940
336
3800
994
249
952
1280
1386
4530
686
4355
2771
2019
507
963
79
1917
2025
3902
3027
3816
4012
2683
3328
3807
1198
3963
22
979
2192
1490
2015
2678
2182
2919
1341
1711
2438
1724
1218
93
700
380
213
69
1775
1323
1174
4355
55
749
1354
663
2910
1261
3273
1146
1003
358
2550
1492
1596
3584
786
483
2038
928
2425
1890
1759
1302
798
419
2316
2675
2834
215
1892
756
30
418
45
2719
1251
2283
155
2276
1580
459
943
1555
482
3944
2208
1227
1775
201
978
1317
4429
2784
3003
0
1367
3373
2192
428
1016
1667
1797
513
1929
63
4163
644
1656
4124
1666
4210
3058
82
4377
2419
99
1966
1418
3246
213
2781
2500
1151
848
2473
3782
2565
1860
1556
2529
2689
971
790
4908
965
830
591
2726
1395
1379
0
825
124
119
1643
274
162
4899
2555
1053
3629
213
1983
1349
2939
781
1432
1835
3836
3151
3575
2977
853
374
4278
2703
2473
381
485
2890
1937
3323
4380
2151
1379
1697
1270
1499
2348
201
62
560
827
1138
795
293
3616
2527
2966
1190
2061
3532
1832
4189
270
2154
1506
841
186
1335
1087
2445
131
108
2103
2271
2795
131
786
1083
1007
3328
3747
1925
594
431
1218
1153
1777
1680
665
1717
3528
27
2609
1455
1268
2859
139
2431
608
3577
1331
3273
1302
60
1504
932
77
1655
2283
2550
703
62
2939
43
1465
1576
2086
225
105
2326
779
462
42
1687
3297
1235
3708
3837
2145
1250
4851
1693
4629
2931
1877
948
1213
2206
760
720
1629
1352
1619
866
412
1976
2027
521
79
2655
1883
272
63
2353
1800
1314
138
2008
346
3466
1704
19
1281
2832
298
2386
2932
1040
1996
274
71
3884
3748
510
612
3590
2822
5034
363
66
1288
2434
4442
3081
1272
2671
0
1255
2569
421
1509
2188
2358
1421
4758
4663
1760
195
4516
276
3180
3165
1454
4257
3452
201
3328
2114
0
2385
359
1028
2349
165
425
3865
1391
335
2633
56
668
1250
1074
683
4132
1087
1903
55
2080
3116
4414
1135
4827
3656
257
149
2148
1256
529
872
4329
3084
2233
644
895
2069
2443
3874
3246
1336
1072
811
1693
1883
2787
293
2046
554
202
0
3664
1687
1301
193
646
1056
789
728
119
1336
4357
3410
1078
422
151
1962
733
1279
3105
3575
1866
1161
0
1268
883
1233
349
1124
2512
1266
1324
574
76
2118
2015
155
382
2481
2255
4975
591
2931
2839
700
2215
3009
4839
1035
2810
315
945
354
665
1807
1287
3962
4031
1450
67
2112
454
3472
1489
4747
2051
1298
1509
485
928
4569
91
3220
714
1723
972
2109
3403
272
2387
93
164
4854
2862
4633
102
1277
1835
63
2517
2426
0
369
1301
1425
2631
0
405
150
3395
4720
431
77
4566
247
1675
1429
3102
438
193
252
241
2265
1308
696
156
1728
266
2230
586
1146
267
4758
2163
2771
69
2935
312
1617
139
822
1775
4079
1113
24
1132
3635
1949
2026
1550
2592
407
1795
1105
3435
317
3681
4661
1812
3625
237
902
1831
323
1736
960
3121
158
1294
2195
1771
2354
2945
57
638
585
1584
1971
2001
3198
465
1835
420
1667
594
131
810
396
87
2271
771
432
3307
830
3198
487
926
294
830
693
1974
210
3938
584
74
1404
991
3767
4111
1475
2078
4934
171
994
2082
2235
2136
661
1051
4987
2703
1848
1018
858
4364
2552
3437
3082
1715
4788
369
1851
521
345
1380
1772
838
444
594
1295
2822
238
996
683
1888
54
143
127
737
3412
567
1083
2267
1226
2684
1407
35
3522
905
199
0
30
258
2838
387
2174
441
13
534
4678
1101
533
185
105
2330
1357
2118
1275
4192
715
1124
3540
258
3781
1101
1962
1429
80
3577
723
1697
2142
1345
1999
813
3190
487
66
509
1463
79
1038
1074
105
379
273
188
2260
1208
4044
145
687
0
2249
416
3246
805
3752
1398
208
3753
285
1681
2065
297
1497
877
649
1501
435
3964
1275
2894
2814
2448
5027
1083
4225
169
2874
345
4614
3225
1147
1453
2760
39
1172
31
2456
3198
1525
0
741
1512
213
528
1656
323
251
237
2330
905
27
2233
1775
2227
600
1467
3409
861
185
2701
239
633
2998
588
1053
1235
2982
840
2562
499
2585
1797
451
1600
94
1535
703
621
1655
2114
924
716
2048
3547
91
820
985
2354
2201
1088
0
3040
2636
1748
3294
2278
1646
2559
1040
3057
174
2748
3440
938
246
3121
3119
623
1425
1142
3872
711
2082
3198
3327
2731
140
4075
88
4062
4587
852
1736
1515
1056
2419
555
159
3753
2863
2030
1707
36
1256
1113
1669
1107
258
3613
1659
3509
282
3086
3812
5034
256
648
943
634
4095
3404
3352
3109
2716
179
2648
99
1647
3166
1335
248
1330
1619
0
1509
418
3750
3495
2492
1482
2039
394
3839
554
1402
2648
2425
2549
201
1979
946
213
1301
2115
513
1532
1528
4593
1509
1939
1259
181
2647
531
1836
431
2535
2443
836
2348
466
1078
3975
3511
1730
532
2387
501
3841
765
1766
1411
4566
4116
2353
1899
2195
781
1153
1625
345
594
2227
2736
3178
2228
209
3200
158
2316
210
345
634
3656
897
46
2585
786
717
4144
4433
1149
3045
567
1296
185
312
1252
140
4920
546
572
2163
3008
2549
2676
2271
234
1235
1918
2092
617
3995
355
113
3937
1391
3525
742
3746
921
2222
1506
27
1863
3604
905
1328
3580
516
4471
1038
455
999
256
800
107
3148
942
1392
1588
2559
1805
2220
186
1772
4262
1515
1211
435
2204
2041
3595
337
151
824
3573
992
4191
576
3916
554
4095
742
2217
380
2325
1395
2585
6
2848
3538
1556
3518
3749
782
468
4847
437
84
2827
2214
1021
1382
602
2782
67
1087
711
409
3699
1627
418
2133
51
1257
1092
2473
1997
171
4186
1740
882
2834
256
2838
180
1354
1899
1456
89
1395
2723
62
554
1002
3387
3625
1053
999
4800
2080
869
1452
4229
1824
634
2181
1135
4490
2637
149
1912
2864
2760
1035
1500
464
3572
1656
2017
565
55
1077
66
2420
2353
4904
3680
849
328
433
1836
4640
154
354
3279
3571
2085
1961
1797
2152
43
3082
1905
3843
258
666
1208
1537
827
867
86
4720
41
1615
2526
1996
30
355
533
943
422
1146
106
1619
529
1729
1289
1305
514
86
2217
4957
629
1145
1659
1040
116
4821
4616
596
2100
154
318
1038
213
337
1199
2079
1192
152
2095
228
3225
1276
991
805
2879
1637
248
2142
4904
2218
4599
1066
4678
2919
1775
2073
3492
1060
4525
2271
2814
959
135
184
238
1298
2283
3900
2979
2583
3974
1767
0
4377
51
305
541
938
2633
3180
2659
684
104
3981
4847
4262
4644
189
858
1108
1833
382
3284
1415
1050
3619
1713
3326
1411
29
519
3625
1525
1555
687
1724
2391
1082
3340
405
1845
748
265
4953
495
1636
2397
1905
4174
1060
4663
4374
3662
21
4501
635
2733
3690
662
3744
286
3892
219
2386
1712
59
1490
162
1713
1405
501
1888
93
2635
3889
38
540
633
868
777
0
2214
23
1355
1099
634
1590
1402
1737
3205
920
4131
567
671
2616
1566
1051
1292
105
1345
913
1407
35
1812
741
4320
991
348
2420
959
3570
961
22
1242
2371
1704
1715
0
553
210
4884
326
1649
540
209
4055
374
1646
722
259
0
2864
1676
1077
1372
1506
591
3280
818
767
198
36
3531
255
2721
2806
222
1728
2068
194
1681
2415
2780
2266
153
874
2421
517
249
1954
1406
1080
1952
646
1024
790
3130
259
1988
2760
2422
2269
1992
3137
1432
2107
4014
2542
19
45
3884
0
3941
1896
985
3834
977
3605
559
4074
413
165
2562
741
0
1155
3136
594
201
61
892
3680
958
1160
422
816
1490
752
3599
508
2627
399
2896
1896
3156
130
121
1584
3327
2634
1805
3506
2428
1914
1551
3810
419
973
3046
1048
487
1742
696
633
1928
0
2759
185
4545
4299
296
2597
181
483
132
509
4629
362
987
1678
1525
549
89
344
4550
0
3361
0
3340
540
1427
85
872
172
372
1871
105
1709
3510
106
571
2745
1975
631
848
1444
5027
402
641
1525
3459
3718
3929
2800
883
570
2143
1778
1241
2380
4285
2533
3381
4089
63
704
4191
1298
4377
600
4377
2872
402
2397
1149
3729
1183
153
184
717
3165
807
3889
594
1437
1851
234
1669
2015
2370
4867
126
1667
3361
1353
1072
2907
1681
46
1967
1730
3206
2271
210
518
2419
234
451
1769
2120
1741
1005
2492
63
3173
2307
1082
4516
114
4265
4497
2316
3086
3305
2340
211
1888
861
1658
965
80
3564
198
63
4012
1276
2950
0
1061
686
897
137
382
1535
2937
431
2348
955
242
1427
343
4530
2287
1559
612
35
518
1835
859
797
1192
322
53
387
254
370
4762
1964
615
1939
2354
4465
0
2763
288
293
133
500
909
1182
2218
1181
1778
468
1459
2345
2827
2851
1845
2265
906
3409
525
2576
576
1754
87
1013
516
4828
942
3279
3489
3287
2683
799
3974
1934
604
699
828
759
2061
2736
1845
0
251
3750
3723
2832
4011
4600
2480
1034
813
219
739
1261
2285
1345
2390
3873
3904
1490
1888
288
728
4854
1011
2870
4102
1873
698
4102
1646
2065
635
1141
79
418
2857
366
431
164
2915
739
981
1726
3917
31
1778
426
1589
2759
1428
1490
18
1442
1885
4192
1080
3318
4394
3173
2041
583
733
1018
1486
303
4644
673
2432
3
20
377
3088
927
874
702
1355
2553
646
636
555
3225
358
3074
1062
25
2018
1431
2283
1950
399
3305
4162
199
2507
1749
303
281
2568
3745
3347
1518
3069
51
1133
2445
69
117
3725
959
4720
820
38
897
2005
2041
0
695
4395
2046
2340
0
597
566
1589
3962
4222
268
1680
195
2569
727
174
293
1533
1794
1834
2354
3470
1395
2445
588
334
2352
4062
254
563
1597
785
2402
687
211
251
4098
738
2859
2629
3519
1605
94
3655
1124
3979
29
619
4633
332
2864
496
3631
1835
45
1161
18
40
3273
4656
5050
3297
1537
1850
613
188
4767
45
2434
2948
4029
244
1249
1823
188
770
1028
3000
1325
371
3196
138
597
1827
1296
0
2931
913
1320
4414
3807
125
404
1740
3082
1163
1074
644
3006
4021
2553
1052
1650
2838
1490
156
2720
3819
1242
879
3435
1302
3816
4011
2112
134
1630
3738
731
53
3963
1092
3719
1836
3693
2549
1131
649
5050
1902
342
588
419
3137
1982
608
4435
1543
138
1061
3785
703
30
2380
4835
1226
2825
2504
1430
2474
758
646
4112
2030
2884
2283
678
3528
2184
3989
2667
2311
3391
2744
1717
2556
474
1367
979
3916
702
927
4001
1133
1954
3929
1380
4566
4530
1771
2355
3629
5020
809
1113
3074
2425
2580
122
3566
913
3135
3693
1563
1912
332
1181
2438
134
4800
326
974
1607
730
1874
4920
3090
2513
2164
620
695
4020
2018
681
659
3628
983
276
1677
741
206
2117
1424
1760
760
2295
1798
1750
1541
2505
1709
656
1370
256
1650
1512
642
2576
602
3729
4319
3189
1562
1864
3555
447
2807
3630
671
870
1691
499
909
3847
169
1819
2145
272
2555
723
1874
773
2134
4662
316
3901
5056
1248
456
1874
5020
2316
102
2676
138
3009
63
3189
2349
538
2524
176
217
482
2371
2037
1525
1954
1670
1245
1525
4101
1788
1784
943
796
3029
1226
985
2003
3747
3342
410
355
3934
1279
2719
2426
3580
1724
1536
1002
674
800
1520
51
2295
213
2585
1953
1355
348
326
513
2907
1386
3459
1422
1647
1957
887
826
0
0
453
1421
1863
3836
803
2338
1713
529
1974
3358
357
675
2266
1259
3699
2417
2474
4956
1323
369
2177
296
2176
3045
1027
1367
2313
4821
746
2979
2052
538
2291
2627
3610
1897
517
2340
3655
59
2098
1611
4147
0
738
1007
315
3584
532
534
3124
87
1331
638
3136
1272
1287
1197
1711
1312
1108
1106
326
1011
2098
21
139
83
2145
509
1691
1171
4444
466
419
260
3765
1282
2452
2605
354
1810
2026
1314
866
4798
1826
4070
3777
1700
645
4414
2788
1957
4323
2201
3286
5
188
446
17
550
3957
1830
3639
1181
1322
1656
2940
882
1350
884
2535
168
4955
1555
3474
2232
2706
375
525
420
1415
180
472
4044
1742
137
87
840
2148
268
738
347
4570
2787
63
525
775
1551
687
15
1162
217
1178
2351
462
3810
2847
487
3273
296
3307
83
3339
786
634
1234
2820
4776
29
1486
3716
1545
2635
2039
3788
1027
994
3291
208
238
3630
875
576
717
681
1812
3326
124
33
615
4240
2037
1227
336
2969
657
1181
3148
1603
181
4581
1113
303
2987
524
1174
2248
2597
132
3666
555
375
2115
2266
518
2010
320
3981
770
1079
3718
225
3286
1131
357
2469
2517
2878
1507
3161
354
2351
826
75
90
3660
99
1509
1926
2340
3531
2129
230
3350
1211
4055
3210
3200
2814
1322
3062
840
707
318
4005
1647
1411
2333
3489
1682
2777
700
825
372
5055
1949
3492
255
4456
1204
95
1352
1190
1133
3592
3040
402
251
2351
654
1710
1707
1329
222
123
2102
4934
4999
2937
562
3539
2041
1354
4299
646
518
393
140
2045
3664
172
332
534
576
3206
2147
2659
2086
2518
477
317
439
1581
413
2015
3166
1026
2480
1919
4614
1783
123
773
1004
337
1759
419
2445
79
113
2982
648
252
96
2192
1928
1122
1794
627
2042
1404
3834
3090
2422
7
939
1463
377
943
425
3511
252
3106
1293
1090
0
1053
4480
268
958
4201
1406
2013
2607
2000
1443
119
2574
1827
721
3623
270
333
1403
393
2707
2533
2585
232
0
1925
2613
1637
1365
504
246
3311
297
3785
673
731
3330
462
2095
862
1815
1892
2465
3377
1280
1242
1138
2032
1287
318
598
2773
2232
2500
1016
1199
2570
3600
706
1234
3802
952
3770
69
304
2350
2613
1039
1891
2403
550
938
1306
1162
1428
1989
2262
2940
3528
66
0
1207
4545
800
2605
2065
2847
2324
1217
126
627
1133
1710
2784
322
2810
150
1976
2369
578
3166
137
3839
281
2251
2675
1199
2114
3572
2181
15
3307
2001
3753
1848
2312
3483
2478
2736
270
3118
1295
879
864
541
809
4821
2039
480
3014
1525
1345
859
999
1135
1901
1805
1991
1482
1072
800
1248
2478
1034
2514
958
196
1389
756
3069
1916
196
1294
15
1736
2089
825
981
4359
356
0
570
3120
2886
4327
2353
1981
3626
1199
227
2106
662
4566
2667
521
3144
2228
2369
0
2162
722
1623
1413
4449
3102
1482
374
1242
1337
4453
427
3699
3074
3599
291
3037
2148
2041
3165
3305
3834
4236
927
2653
420
949
3303
248
1602
863
66
1374
2275
962
4760
3865
2597
1231
826
65
3981
2585
1541
1365
2283
2478
891
907
2883
1086
720
1226
444
2230
1829
2154
2282
494
126
3623
4741
746
1875
810
158
2864
2478
2549
2083
3005
1287
1079
3159
3342
1182
1946
2716
2376
636
2684
868
2481
3879
2504
979
262
587
1156
2935
4727
217
1861
670
2542
1488
877
4656
2887
632
42
1161
262
1777
3468
4846
1432
2039
1230
3381
744
1622
371
393
3466
583
1084
2561
2859
511
2960
796
2773
4987
4161
2493
259
1345
2915
432
1262
2898
0
783
1363
3600
196
1908
1734
174
1200
1319
2160
663
1018
0
174
996
1488
0
2048
4062
1172
2333
834
2352
3928
2906
3625
3753
4444
1145
324
459
2045
227
25
3340
2177
80
3616
1404
388
2491
194
2864
3777
3410
16
826
572
19
2629
93
4394
2198
695
1314
1962
4323
606
2501
856
3311
404
3246
2192
4147
240
4530
519
2795
811
1337
3210
536
4377
3323
3014
1450
3562
1933
2080
2442
153
2676
568
2716
4470
4255
0
459
2810
1337
4390
598
3344
1788
1371
1551
1940
1551
2847
1726
4395
3110
101
3540
3009
3571
1064
162
2892
597
111
2041
537
4020
3532
4296
1740
1177
1295
858
3558
2797
1430
2154
928
902
1760
2371
1863
233
379
4442
4540
1122
4394
1234
3713
1211
553
917
902
2431
4473
1581
3429
186
826
1269
790
555
3213
2513
1113
319
1917
478
1754
3159
2721
518
841
166
489
1174
913
1862
804
4860
433
1647
4162
1011
1620
1875
2123
11
572
427
2549
0
110
667
1961
991
1905
728
1358
54
1489
489
2300
375
682
3304
4374
1209
282
2795
1676
708
1390
2284
1952
1105
717
1043
1396
3774
972
4685
96
4857
87
431
279
83
1999
2592
1533
3355
1410
3029
823
148
172
3680
1246
2551
2549
106
57
1667
2874
1908
930
1937
1146
2042
2627
126
2313
2381
2685
2279
944
2192
2712
1897
2746
2977
3625
312
254
1306
117
25
3010
1638
251
3610
1430
186
1722
2633
3189
0
1053
3531
4955
138
804
2999
38
2014
27
924
520
1788
2001
995
645
1372
1344
670
1798
3037
3403
826
2176
1668
4394
238
1052
1411
3664
598
540
1620
625
529
1753
1551
777
2453
1050
617
299
285
544
786
2107
1396
615
1566
1246
1702
534
2351
2192
1241
2425
1957
1332
2705
3884
1680
213
4804
4677
1355
4319
2418
671
3777
3962
1754
3984
342
1103
426
1206
2478
792
866
2773
1431
1963
35
3212
902
3470
1656
3805
1425
251
4021
4341
1059
756
210
3938
1532
2115
2269
1659
199
2354
1197
1657
2508
307
155
3540
302
1946
2107
75
1758
1893
594
297
1724
3782
861
700
2585
3167
1890
1355
46
30
75
3664
1053
1430
1390
1870
2538
825
1596
0
4155
594
3570
3399
1156
2998
2223
4278
1997
454
0
2283
87
270
354
2634
3937
364
4192
1788
798
369
2468
2100
1876
4899
602
63
4414
2443
1626
2899
369
1513
4337
1789
1715
47
1897
308
1806
1692
553
3037
2449
2799
29
2773
108
169
2780
7
3584
262
625
4566
489
4702
62
3273
1970
696
256
3303
525
1727
282
847
256
1352
3210
2163
913
91
399
2180
1718
1492
664
2211
4196
1657
1379
627
227
583
2465
2731
23
1589
1301
1509
588
188
583
3525
913
1670
841
97
668
2991
2704
59
692
368
528
2565
2189
4079
2495
4002
2994
2671
4126
377
598
326
340
1655
838
2716
686
1358
3065
1892
359
2784
4168
176
730
0
31
487
789
660
1777
148
1838
497
597
117
461
3555
2233
627
1116
2346
784
1024
1950
683
4296
4887
1075
1038
4955
372
785
1337
110
727
1456
947
4950
1074
1235
1398
381
1301
953
2331
372
1826
1573
219
465
3233
3303
2561
1050
932
1072
208
1957
813
1315
185
2201
326
1860
3412
1138
2369
1659
3340
2714
1806
379
1694
1276
4560
1331
1038
2115
1728
4622
2627
9
531
2706
1380
738
3284
886
2544
2871
158
3247
676
2703
1357
252
1439
1258
3109
670
2340
2817
57
3645
2703
477
2032
76
350
2565
3420
3711
903
3949
4956
173
635
3463
604
4259
2969
1494
3237
4628
2892
4102
2984
1959
125
1236
3889
2430
4485
3138
3383
3245
2807
2025
655
377
1450
1053
1124
2251
1805
3305
349
419
394
4355
2493
3875
229
2616
298
1822
356
196
2230
1600
117
4263
626
162
3081
2087
1892
330
1043
846
101
4470
401
1242
2890
3370
2312
179
2494
877
119
455
2468
380
3678
2491
171
63
1329
3189
2710
2216
248
102
427
2928
105
1038
676
29
1328
3278
274
2275
219
2283
4285
1875
312
2491
4560
1509
1481
1724
3052
1337
3656
3258
651
751
2147
468
786
1814
4210
1953
3836
1760
2699
1588
1621
1183
4239
616
464
1015
2839
1578
672
2723
1677
196
4098
1971
882
1078
4953
930
365
4690
2538
3249
958
1349
896
2915
1713
2561
1276
2784
538
419
2945
3843
455
603
1298
3774
3656
317
705
1211
2364
3711
4554
3399
431
53
3713
307
1372
1711
2577
440
905
145
1478
834
1966
59
219
2678
2782
4428
586
234
1559
2284
227
1429
570
160
213
71
3410
2235
2304
3246
644
4193
1788
3069
4132
3639
4040
2512
1323
4205
489
2147
690
2757
2712
437
777
2751
3305
285
67
406
2653
3069
1954
2078
1629
810
1122
676
2469
1279
317
4846
35
2669
706
1901
3119
1242
1657
2669
2924
51
228
902
85
4828
956
137
3489
269
4124
49
836
2492
1134
114
2565
3522
790
329
1231
2284
4490
3540
484
2653
90
62
413
3057
2704
3580
2162
924
4518
598
1889
3198
2083
2220
234
2569
1218
2445
4201
1528
2638
672
921
886
227
392
3304
1295
2154
308
1242
1055
1001
1954
181
2565
807
1396
494
1646
2988
201
2480
55
164
1398
4554
626
3118
3426
594
3305
3279
2192
405
270
3869
242
1649
3678
1375
3625
1090
49
4987
455
2946
1187
1027
499
1256
3800
38
1736
3010
1035
2800
3662
4306
1666
262
1902
252
4565
3328
108
508
2215
1003
760
4640
1138
4934
2629
4215
3056
373
1724
3802
1623
1150
4453
499
2163
1305
83
173
619
3539
3190
4600
745
3116
4011
3580
627
3785
1379
1711
810
414
2005
82
1644
1764
2022
239
2189
1892
196
719
3645
866
2569
787
4174
664
2810
2223
2217
2312
1327
4495
465
2287
541
1759
3124
4079
2369
948
3323
2146
2057
2498
447
2087
2577
3085
4723
3283
300
1319
335
1667
3833
2479
1898
4144
4453
3161
322
3474
2194
2745
920
1432
365
315
3056
1275
865
374
4938
159
1234
510
617
1058
2480
3989
1310
2743
2358
1897
4490
4662
1248
2388
3090
755
557
323
455
831
3010
2231
2352
2025
1398
1992
3361
3109
3196
1681
1903
560
2449
856
2220
328
675
711
459
520
1928
326
1292
2160
3279
2166
1777
4395
921
507
2355
317
405
121
2170
920
2847
3900
1687
4213
422
3323
206
4442
2094
3344
39
4341
374
2553
557
896
2060
1372
789
3342
2257
4854
336
2278
3595
1759
2232
1363
856
63
717
1297
0
3124
4554
957
4453
798
329
3578
474
171
1713
2784
188
2969
2077
4174
3564
126
498
2863
1392
2283
2808
2387
3889
1863
1551
1551
181
1174
733
4095
4112
1535
840
999
1602
719
1546
1650
1040
325
3286
2733
222
201
2887
4788
930
1053
112
1545
928
1999
2800
73
2120
3671
3240
546
3785
359
1162
540
2562
2074
1983
1150
2720
911
3483
3263
1782
3922
162
468
751
2095
855
1276
3246
2057
1182
279
3452
4540
766
0
1826
292
0
1231
418
180
1793
224
3459
234
2969
3213
1934
720
1336
553
4574
2392
3981
859
1584
666
447
381
494
390
1125
466
2325
3532
2275
308
3252
0
1050
738
2631
642
927
708
763
4201
3781
354
372
3912
219
2684
4255
2231
4296
1350
721
2659
1337
87
2616
2745
433
3144
839
1273
1490
15
39
2282
117
3579
1320
1363
254
1028
4429
2225
212
905
1724
2857
1875
1920
576
119
4835
594
1597
719
231
1748
1982
3938
1876
1950
3200
2634
28
4875
994
2051
1456
3081
950
420
2217
281
1088
1627
540
1142
4475
3326
1390
23
139
891
4569
172
686
1130
2474
1490
1999
284
681
1302
3900
2228
756
538
721
2908
1134
1712
3578
2781
3752
162
3807
1154
2773
1298
227
254
2585
2459
598
2570
3391
3962
55
2746
496
1365
633
1277
920
3841
350
1488
121
117
121
1331
1000
4395
5055
755
1276
1248
927
4566
2784
800
1635
1107
199
431
990
875
2041
137
581
127
1726
1595
419
1709
81
308
1740
900
377
2452
1293
199
3575
1057
348
1512
395
1395
1231
3492
3270
1551
950
1546
611
3910
745
293
562
2967
661
248
687
3963
636
1101
3595
4357
1299
3745
3110
4349
1450
1688
4827
2671
110
45
3033
3165
186
2198
2286
3507
847
703
2070
449
858
2898
3052
1060
2517
2325
151
1850
462
1142
134
51
1551
2219
408
548
2666
2154
4376
408
770
756
952
2706
862
213
1256
2133
176
2323
775
3119
1922
2775
75
848
2987
2087
4953
251
3680
609
503
41
1463
3074
4053
891
4203
2655
2684
405
4374
712
1018
2350
3361
1364
498
364
2455
1162
2800
1830
633
1332
2761
549
2886
4668
447
742
1754
0
2469
374
3922
42
1866
2720
771
2078
3012
23
4581
1861
1030
1793
2508
2472
2827
345
3387
375
1721
71
3097
2574
2188
1330
1526
2800
529
68
2351
1603
1435
358
2512
3246
1987
3178
3033
1934
2675
2863
2636
987
562
3020
1545
1233
2067
409
675
2233
924
4055
1180
598
700
615
3169
80
1809
3118
3571
1456
639
217
826
530
938
1174
56
67
1258
1389
3439
696
3753
595
309
2679
2977
102
2515
2570
2932
1978
0
821
1279
992
1233
2324
2771
40
1823
631
991
715
71
3963
2979
442
1337
0
1065
2145
2705
4296
1161
2574
1680
2627
209
1841
1953
89
2419
1687
1806
404
1625
1406
3966
3452
174
668
122
1145
3257
709
239
83
276
359
905
4530
118
1180
0
3605
746
4552
1138
975
2112
467
2501
3237
2048
181
1133
15
719
387
3539
1607
462
78
1740
2282
1199
2262
4899
882
382
540
642
2338
2205
7
1375
943
80
405
132
4599
1584
399
3017
869
1637
1142
30
583
1287
1364
813
1612
654
2795
1122
1646
2676
2094
330
2301
3693
2341
291
2832
738
3440
413
108
1901
4705
2325
978
708
731
1630
1957
990
1388
868
3872
4341
1181
1447
600
924
3916
1390
1242
393
4530
1860
2340
1979
864
0
828
1392
2027
3472
2159
212
256
4147
1182
2074
4495
2491
2856
2598
476
2385
9
1484
709
1367
170
3196
1486
2822
476
571
758
4156
2598
369
159
1748
167
1105
2385
101
1236
1967
2164
756
1205
2333
3107
576
49
3200
2940
4192
2598
2556
1255
2325
3600
3307
2850
608
2550
3781
1930
1053
651
2908
162
585
255
739
1644
1180
16
2232
3246
995
4428
4569
5056
2070
804
14
2684
2549
3392
1028
3131
298
950
2217
1937
2817
841
400
3165
281
4287
716
1248
3110
2145
123
1791
649
333
4442
2784
3027
481
956
3137
1180
708
1918
131
1605
3307
1580
3356
2300
199
3217
363
1402
1060
1336
3639
1647
2027
186
285
3587
11
133
4798
82
1332
1146
2087
1449
2154
396
4001
1805
914
1680
1155
1695
707
2248
1428
99
2065
3788
287
251
2784
1713
548
166
57
2998
1620
3750
3194
641
153
1536
36
1914
3243
3864
4115
185
1753
69
1890
276
244
2787
1053
0
487
2514
2988
994
93
977
2223
2634
340
1607
1718
1657
2542
3662
1871
80
1374
777
426
1024
3
3774
3519
3426
4188
1520
555
570
2703
4284
1958
550
443
366
167
1162
2738
1726
2544
2479
3261
4178
3347
381
946
357
1177
2051
2490
2705
1513
4737
321
3156
902
913
1388
1589
3424
717
2605
2712
2278
438
3105
376
240
762
1575
3450
1600
2425
532
1336
1091
436
167
800
2875
555
335
2468
4131
381
3014
3097
2115
51
3639
4383
11
891
4570
1700
838
1740
597
3040
210
903
781
260
4540
2103
3874
1622
198
1218
1282
2068
2914
2048
963
529
510
1398
6
1306
2553
347
2760
700
123
1830
4858
206
3137
242
683
1242
4167
4433
2966
1571
858
4509
75
1371
90
810
2838
3483
455
4629
14
873
1870
3189
2629
1188
1001
39
1097
2631
2351
4101
1256
3745
2870
329
855
4661
333
329
1133
2146
1295
1355
4501
392
4390
2141
346
3135
3244
4132
1588
1016
598
0
849
188
1482
51
3200
1016
2716
1374
1647
115
274
960
1302
3753
270
1623
3802
500
121
393
777
463
158
1938
78
3965
3062
4327
1138
348
583
2232
276
1218
3234
44
503
2538
932
230
2212
1332
486
920
533
126
1481
2679
2635
2594
123
421
2115
743
798
777
576
1679
2700
1050
446
1829
2098
739
1337
760
3528
2353
1667
1102
2351
635
555
427
140
79
936
127
224
1379
2107
0
2142
451
1169
3655
490
1834
3250
700
1556
208
1815
3118
244
839
2957
3782
3770
639
949
1608
704
263
2259
1024
2147
2771
4449
3900
99
2922
1087
2115
2454
1384
41
678
2357
157
435
878
1194
1748
1030
4124
335
193
1132
2553
4563
2501
966
2577
137
354
4032
3910
1053
649
700
328
1199
4727
540
2199
1687
2482
667
570
1425
594
856
1578
4509
2592
991
2832
597
2613
1352
1966
1500
244
4267
472
1241
335
1830
3086
1287
1218
360
3752
951
40
95
692
2376
2121
2850
1686
2384
4698
2433
700
853
3724
1079
605
3687
208
0
1335
3143
3189
1829
771
3495
76
1125
4735
1810
546
2381
149
2634
2195
2853
2385
1815
1753
660
1110
241
797
517
402
411
2094
4265
1315
2886
350
431
301
2421
530
2569
819
1775
2257
4950
201
927
2275
4530
3452
256
990
839
738
176
464
1893
595
2199
2983
3391
1185
625
219
267
1018
1084
672
494
3350
879
631
3109
4628
229
27
0
1325
1533
254
18
3528
2795
2306
407
188
282
840
853
2283
2890
494
3382
4075
3408
2734
3479
763
2708
1740
267
1281
1529
1989
2263
1020
2488
4395
1018
2965
1138
938
4530
3917
1065
3463
664
4867
201
2877
1908
570
907
409
494
3981
4355
2147
57
1798
1305
913
553
299
3118
436
225
1729
3217
1525
2704
1181
2634
2910
1185
1161
2700
84
822
1060
201
271
3100
0
487
3404
977
2405
3130
370
303
1028
2269
3494
2707
276
1603
1150
66
29
752
1885
892
1850
945
4753
2780
297
4255
2122
210
2800
570
82
1450
2633
4296
959
3234
1647
1724
3509
855
4191
2647
215
3889
1666
646
766
2092
1722
2182
535
34
1048
359
1051
2682
4079
746
2348
1218
3340
2072
1371
1332
1681
961
0
282
2721
2046
2397
189
1268
615
2676
279
813
4192
3812
942
351
1657
2653
1233
2152
274
73
394
1377
793
897
4016
2957
1679
158
1204
1155
2969
291
355
712
3131
3074
3071
46
2094
1354
3210
2633
518
805
4168
1279
3816
323
592
489
1736
2163
2991
17
2979
4516
137
2636
2653
1525
3206
2284
3571
1798
521
2094
1889
1099
2462
1041
329
1082
4267
807
124
3831
1388
1442
99
3528
420
987
1169
868
2193
1053
4593
474
1336
720
93
3929
35
476
254
854
2478
853
1983
1330
643
0
2473
2465
1379
1415
4242
2194
1412
345
0
3231
167
1589
3687
1896
668
1486
1095
3198
2284
1424
1337
4188
131
3723
567
332
4856
712
3435
167
4454
2338
610
412
4835
124
259
1896
2874
1200
576
2154
2585
2295
1163
562
69
2050
603
4552
209
349
1486
444
2748
2627
784
1161
1633
4355
692
4160
898
3912
1766
3279
1916
3328
550
1135
2188
3200
2351
1371
601
1937
139
1679
126
1938
2761
1088
987
1058
2283
3283
1304
0
2831
2988
340
140
1161
3081
3713
1352
106
3733
122
324
329
1708
1198
2482
182
852
113
540
4656
742
4213
1217
258
2074
4020
2940
1875
529
193
1470
532
3625
1753
2082
993
311
1199
4599
3324
201
244
38
999
1776
1080
322
3019
3257
3086
312
583
1242
5038
3124
229
784
2997
1710
419
3426
887
2225
217
1533
4191
1457
4259
1093
419
2681
3408
4135
3138
95
4480
1463
1067
3044
3572
164
4198
3086
1053
2299
1135
528
182
0
2269
1868
150
602
1937
3886
1504
3745
1074
1658
1870
739
258
99
3965
309
1125
287
1131
4663
336
1871
474
173
3355
708
234
2297
2285
410
1395
35
830
4665
4308
286
173
1027
870
2784
1667
2151
75
1223
520
2147
951
1940
1507
3137
2434
3027
609
2281
4423
0
3014
116
3292
1775
486
2417
86
1687
355
840
1076
156
4566
89
558
583
601
503
182
671
2154
226
2766
1775
2459
3656
2872
440
2050
208
3238
68
1126
2580
1012
4747
3382
244
36
1287
1832
4070
2217
2307
1874
3309
1863
2373
2086
924
3426
1213
1287
4021
1920
258
1287
2932
2422
122
3905
863
1317
1432
3287
705
1320
3387
1241
87
3941
3324
27
2205
1225
4168
90
456
3304
3373
2150
3151
1388
355
1740
684
840
2710
1876
771
1800
4495
2594
2142
867
497
1299
4355
2353
2216
1132
121
4285
188
3690
2474
1388
3409
2598
497
707
3833
1234
1266
646
958
1355
465
627
134
2148
2514
2283
2403
421
1603
2707
2304
1285
1271
1208
2684
304
4700
594
3610
897
2745
3531
21
983
1248
37
1153
1371
820
31
1225
3577
4050
771
198
275
1782
3805
38
828
763
2751
190
2857
554
3573
1551
225
1982
173
124
1896
0
3532
2381
1198
1450
86
2648
341
2330
1622
538
104
616
249
316
1883
4306
1060
3056
388
303
1103
36
1231
594
56
958
730
825
1996
1621
963
3137
1520
690
0
2903
2636
591
2009
1532
94
1967
723
1992
4126
2233
606
1929
1463
184
137
476
3576
4191
2118
2848
3356
476
647
1086
866
1767
1449
372
259
1125
821
716
4700
3954
1053
570
2784
63
1126
273
154
1273
0
991
3678
1645
3938
48
270
494
2681
1375
4847
4605
2814
589
1580
1537
3009
413
93
2627
884
993
2070
1277
790
897
127
121
437
1016
276
3571
2744
90
2969
80
2490
936
2357
667
3983
1352
59
2759
3311
1646
1330
11
987
2415
690
4690
612
1009
1629
1598
3532
342
731
2716
3138
1028
1135
77
2583
3358
1251
7
310
625
209
1182
3680
150
811
2748
2647
840
2354
47
4999
1239
3340
3228
1551
4727
85
346
2701
1071
3893
3058
1676
1371
1453
2358
2903
279
2919
790
1650
3625
1682
1649
1124
1833
1782
820
668
1544
4784
1121
3081
760
2626
1344
2248
247
311
4111
1600
1349
1831
2939
965
95
1409
1646
4938
247
0
1525
2442
550
1509
2926
125
3905
2837
278
1584
2137
1950
3424
3244
1363
646
3419
3144
3509
2800
1835
2468
156
1575
2684
4429
1896
700
1101
1862
1676
96
1122
164
1621
465
79
1301
495
835
217
182
3196
354
254
2853
3528
1035
4287
19
3
3830
1814
1133
2163
4938
592
4955
1230
2822
1053
1227
2940
1574
3058
0
993
1798
3576
1329
1181
2399
121
760
4016
4677
3046
1974
234
4349
3358
1971
158
2162
3770
2445
2940
2761
366
3246
405
426
4767
651
1971
2132
784
4040
2048
4674
3102
1835
1198
708
2852
1178
2598
446
1762
2032
222
155
1514
2353
2609
1874
1353
2932
3131
1372
172
771
4115
737
1646
9
1709
38
1867
2890
800
686
1404
3321
1080
39
438
1637
293
4116
507
1996
813
3059
93
1657
1668
2982
3902
2909
130
902
62
3718
230
2751
4426
201
3250
4002
514
1372
381
560
2647
1106
2100
1053
1148
3495
328
72
1723
0
2784
420
1039
237
1806
379
572
333
405
89
0
4101
391
415
225
620
4938
1974
357
483
31
668
2807
2598
2067
2387
1797
31
4195
1105
3437
2147
2831
224
2410
3243
162
715
2010
3297
1036
1065
2018
3974
454
632
743
3350
456
438
3238
568
2371
1016
1405
3368
1059
627
77
144
59
873
1868
196
3334
2125
1490
1155
1589
2524
644
1105
1048
3631
3843
1072
3383
4064
1301
805
1797
359
2095
532
1083
1961
3631
2494
279
1064
3719
3853
1724
156
3119
550
2563
2800
419
1463
3024
2042
1051
1475
568
3189
4711
2837
805
276
807
1613
4454
1542
4390
1435
523
1012
1602
2670
131
3859
124
312
4698
2109
259
728
1095
797
959
494
1141
532
1085
1101
499
797
99
404
4957
1370
2495
1782
1050
97
3656
3664
3292
4163
2001
1734
712
27
1403
63
649
256
524
4055
981
39
2112
3949
1155
1158
1896
3486
272
2831
4155
1543
1122
2296
3974
1589
2925
3328
1112
201
2060
581
1252
2695
244
597
1277
3116
1897
252
249
1925
3774
3069
572
453
3020
4281
1973
507
1389
69
4525
4616
3983
4975
570
3874
3395
1242
2147
3785
672
849
3539
1533
1041
1620
1536
4174
1590
178
429
3003
2899
312
2948
2060
260
3680
3643
990
3805
1566
487
2506
3802
91
3482
1358
1584
156
87
2765
3340
2026
1970
861
238
268
1658
1554
225
217
152
1981
2354
497
4919
1436
3395
594
274
551
1148
5055
431
4569
3150
322
1655
2323
558
431
900
462
1889
1064
1937
4050
4540
1700
1863
326
326
199
2719
1110
15
3444
2568
965
94
1494
210
720
1864
2174
139
1007
210
3045
1233
3155
608
913
1873
143
2045
978
1432
254
1241
3576
742
717
411
31
1999
90
781
2220
1864
1180
3835
3166
921
3143
3058
4026
1591
298
2592
2857
859
139
1337
1620
972
1670
1256
2265
1057
1490
60
1409
3340
3008
1065
3777
3919
996
1315
2085
1436
682
3893
1068
4442
1232
2092
3328
453
3900
0
258
1407
121
1078
1629
1877
0
1411
994
0
2931
1812
4070
784
95
298
2132
4867
497
188
464
101
4323
3662
2594
159
1264
1472
330
315
4690
2145
905
3575
3116
4449
979
570
3942
938
550
1695
37
1623
4003
859
1892
892
4095
721
924
3059
3109
2159
66
92
3189
1372
328
830
244
2609
3725
3507
0
436
139
261
862
0
48
0
4663
1452
2090
87
742
636
2592
144
1426
2609
990
800
862
2644
195
2291
504
3777
4020
3853
850
606
206
196
2977
4454
4927
427
2915
796
2808
3631
4329
2432
375
3886
1681
2859
2118
2337
501
3102
1161
3161
1589
1373
2174
321
3006
2982
308
3082
126
2759
3234
1937
587
453
2526
68
773
2585
2125
1082
2915
1332
1863
2676
1333
2512
608
1657
354
119
1555
2738
3261
3013
2501
4329
1922
4453
166
182
2806
4198
1822
328
2497
180
1384
2822
1363
1670
2100
2943
2671
3246
3822
1864
3334
1327
2527
1222
2055
3109
259
1273
1281
2262
3387
1411
3690
3539
2751
1852
2613
2057
1449
131
2634
3403
1454
11
140
3196
4229
476
1331
1457
651
59
1830
2095
706
1229
2659
140
4192
965
1830
0
1138
2898
3495
648
3244
1050
4656
198
962
721
746
3006
924
1955
410
974
76
983
126
1563
4767
553
2051
2125
337
2114
2631
4287
1457
1350
1412
42
636
995
2351
1398
517
3318
1959
3889
3616
1232
1227
2390
2387
3510
687
2677
1595
39
381
3090
3350
169
2311
351
2707
3798
991
2893
0
3452
595
853
789
4919
668
333
696
2757
2565
4328
924
1041
765
2984
848
1646
570
1398
720
1533
2266
173
234
690
3576
4677
1681
165
3575
1349
654
261
144
270
1999
1892
99
2493
2627
210
275
3511
1131
73
1999
1180
227
2159
696
326
1781
3728
42
286
1633
3711
4560
2282
248
258
1249
1767
2907
121
1646
2689
974
2370
3781
3015
1851
517
762
662
487
708
387
444
3238
972
990
373
891
3747
4847
1327
185
3178
1156
1142
158
1750
1892
309
781
155
2001
3989
1436
292
3957
3130
1711
765
387
900
877
454
3989
2197
1896
174
1320
3217
105
1368
1676
600
930
468
3964
1845
588
4089
2087
4115
3143
4858
668
148
1542
3056
1500
2561
645
2418
0
4390
1481
83
1449
1425
19
1198
1544
2535
841
3419
322
2887
3625
47
3995
2552
2711
453
2283
1520
354
783
4934
3137
1595
3249
854
390
1242
558
992
1476
1057
3904
1029
2984
350
351
737
270
3361
307
1072
1598
465
1036
2252
1315
1093
1264
105
1225
57
1053
739
104
1537
3511
2159
2385
1083
2960
2924
1976
2248
1829
2991
546
1489
1551
605
472
167
2948
3086
308
384
3097
497
1374
2311
719
660
634
2235
1826
475
1224
698
105
2425
1199
654
3566
308
2782
1324
2501
206
1096
349
160
540
1774
1211
165
594
1860
879
1241
2636
270
451
1551
99
1912
4616
3937
959
1638
2148
1602
2835
1242
4950
1791
2516
4649
1692
210
4198
3822
3003
609
746
2800
2349
2514
4287
23
1735
2102
687
3420
4364
528
3478
299
2846
1004
3062
110
4798
1306
1350
1914
124
576
5056
995
54
587
1429
979
1431
149
3314
774
721
1087
949
3116
2004
3246
5027
394
4323
199
1831
690
252
1575
364
137
4404
368
306
529
3039
1661
21
503
3263
756
2751
120
2355
1815
2427
1185
811
3754
739
258
3782
1457
510
2919
1489
2041
301
486
249
483
1889
468
1435
1638
92
504
2390
195
2114
668
3361
291
366
950
3014
499
444
3212
2133
241
1287
3340
1949
391
420
2115
1122
651
123
1021
145
4501
3991
517
589
360
261
3275
382
3664
1901
3697
1332
4132
4225
106
3444
2248
2434
1328
121
883
553
750
2143
1895
2151
1737
95
508
201
79
747
1395
4804
1679
4446
3217
2182
1110
868
262
4566
1718
1581
3082
1134
861
883
5027
3687
2316
451
677
3279
2843
932
3539
779
0
303
2350
1489
517
2283
2431
647
3680
3196
426
1161
11
3324
515
1544
2046
3100
783
507
1742
4856
2420
320
308
1422
0
95
1563
1705
1187
3297
907
1097
462
1908
3747
1700
186
575
737
3212
2037
1569
1091
1940
4278
2222
2617
362
1199
784
0
2232
3294
2647
3391
59
2478
467
924
2977
3046
3008
3859
3411
1166
4987
1784
1975
2761
633
1145
4414
2937
78
2000
2380
109
1562
671
59
39
1272
1492
537
1745
643
644
1152
1700
4946
255
3156
3213
1308
521
1599
1490
690
886
262
2094
718
2743
567
2708
206
2212
3082
1621
4374
1812
2324
1390
961
202
3901
1829
1643
270
1670
1135
2827
2919
1463
1870
2822
1287
338
1475
866
1835
2969
4747
632
316
1657
1125
959
931
1644
632
2444
1038
1345
372
99
3344
3057
1989
99
3777
1121
648
2492
2565
169
210
981
836
4525
262
1131
3
742
1004
2219
456
3039
2553
2950
2196
1925
349
3494
708
1080
4574
102
1716
3725
1331
481
1974
405
4021
2248
3387
1602
1782
1013
995
42
79
1680
189
1562
3082
1476
1830
5053
43
2281
4908
3305
3303
23
99
1169
1353
2154
1380
1562
1754
5057
1083
55
2424
2233
186
2382
304
2028
3844
4210
1289
3056
635
1971
1783
3257
3531
2177
2962
693
826
972
3328
156
2103
375
4554
1336
706
990
117
59
1893
1472
2967
3243
2351
4359
972
3352
2864
2048
612
462
2134
225
2339
2301
3247
1974
1155
4480
681
3165
1363
297
303
1852
1256
944
1287
598
312
1101
668
807
0
2683
553
1425
1875
1065
1893
54
1650
2677
3841
447
2631
3165
514
2223
4337
1007
2069
2003
2442
4567
2526
498
1080
4380
1156
49
2784
3693
302
959
861
3661
1456
0
1657
1125
2544
907
2443
1181
621
2390
4821
1487
1599
3299
468
1526
99
734
483
431
4432
405
384
687
11
328
111
95
441
1959
395
876
3006
1937
1626
96
1150
1532
164
1806
2405
722
903
2150
2773
2272
1280
546
1658
1350
234
4857
1354
4656
181
3350
468
450
48
2195
150
1437
3981
1444
1838
3531
368
249
2442
4215
1184
3238
1622
3148
961
1774
4674
99
246
784
1173
2189
1209
2073
4026
176
1520
2122
104
218
1669
1198
3722
89
3893
2592
1595
3540
2195
1057
987
3000
1863
2265
270
503
3716
2526
1979
705
4348
761
503
635
4550
1871
1858
621
4010
0
2839
1937
5056
951
878
860
642
3213
421
2853
3555
2006
465
1223
809
124
1590
4131
4711
660
746
551
9
2291
3798
1490
140
1299
153
1810
1450
4319
1206
1225
4999
602
2745
1481
3340
444
1281
1655
770
4337
2376
3381
301
431
1793
468
319
1916
2544
2006
185
5055
715
79
76
721
1194
820
316
137
1039
700
2425
1289
2284
4205
1810
1542
765
300
2404
2235
2890
1829
15
392
1358
3575
1079
1788
995
2148
2784
462
600
3450
3082
174
2782
696
3625
114
759
3912
0
131
705
1481
3086
4201
4957
1604
2684
1296
1027
2148
391
858
3954
363
717
948
2204
1864
1060
676
2276
992
807
4236
63
636
2373
1713
160
1749
1999
0
1308
0
2146
731
2033
3177
3270
1650
1413
119
4036
364
3697
1122
215
186
696
282
1248
227
1895
2810
663
1776
2180
1537
838
840
0
393
2265
1143
1771
2516
3238
2935
4144
943
4119
1355
0
1623
144
3733
1769
3770
558
665
190
3719
924
2373
2565
1336
848
180
3551
1181
481
472
15
2283
2080
1866
3403
2616
537
291
499
298
1652
2535
227
1778
59
22
368
1630
1332
884
5027
2122
2585
3009
2271
973
2174
3631
4711
721
3033
188
3564
2497
487
3531
279
303
510
1078
308
2086
77
4857
291
4163
2852
3399
1600
533
365
499
1038
1128
199
1751
1476
4095
718
2438
1135
1964
2098
673
11
836
0
1058
1108
758
1493
47
1851
2781
1734
3781
317
2898
1050
646
341
3816
4417
1631
1492
2249
462
173
451
2020
2227
1939
47
1809
275
4101
322
347
2316
1532
1575
1766
4720
937
784
426
431
3045
412
3409
329
553
1656
1937
334
2174
2745
2544
96
2354
2051
1015
383
446
1512
562
0
438
2969
1520
1666
59
4005
952
3242
3812
162
87
4198
95
2940
4278
891
938
418
975
2196
621
2505
2080
705
646
1306
2848
355
1613
2607
2631
3509
3084
891
28
1207
1487
468
994
3233
1078
562
633
3974
414
2589
2701
576
598
4262
79
1059
4241
3224
555
3138
1390
1014
4001
1289
2856
122
3085
1999
464
418
3387
921
3921
1320
90
2807
711
388
2490
76
1248
946
210
687
716
0
4156
4031
2928
646
2107
395
2909
809
1605
1192
1368
1112
627
1730
319
2659
164
517
308
69
1573
2613
473
1364
2712
1099
422
358
462
2090
2899
1770
1871
1862
0
1174
23
123
372
431
1294
2607
654
420
410
1584
396
181
345
3452
4471
597
2115
1206
3639
1262
475
1481
2778
1221
3732
1890
2384
568
3529
82
3531
1301
2856
57
1905
3833
2064
850
3240
3981
2973
966
2491
2118
528
2748
234
0
123
4079
972
3538
1591
1480
705
198
162
397
1681
2762
91
2777
18
2418
155
848
1826
1305
49
1532
1954
949
1391
3753
338
733
125
270
1912
260
457
188
274
911
3272
3974
2354
2526
47
3052
1039
3822
285
2459
1837
4414
1545
1819
1352
1066
3403
2291
137
1357
206
2940
704
80
645
1970
393
2226
3188
2482
362
568
3509
595
1077
961
57
176
3143
660
260
781
407
4089
1670
2039
3478
4678
3690
4509
1667
482
2026
2145
46
3249
1873
3166
3479
77
1256
2712
393
605
174
3725
5059
990
38
858
1174
1161
357
1191
2808
201
345
594
522
1895
1035
1955
3242
252
1760
501
220
220
3395
1961
905
33
210
1328
1789
712
2605
2181
2117
2193
31
2278
869
612
4203
2387
497
939
3299
804
1302
