100 10000
87 89
3 7
33 99
4 89
6 42
88 100
55 62
40 80
81 91
42 49
60 60
9 71
13 56
53 61
5 71
11 15
73 86
55 83
23 72
37 49
24 60
57 67
23 95
27 78
26 29
23 70
1 41
14 18
57 72
46 99
33 72
59 91
83 86
13 63
1 27
90 99
27 64
30 100
36 76
84 87
57 91
57 62
7 8
17 21
29 63
11 51
50 80
57 68
41 64
27 54
21 31
11 19
19 91
69 77
26 64
18 98
11 60
31 48
73 98
63 73
15 42
29 89
28 60
28 97
71 85
84 89
21 82
6 65
26 80
16 29
32 62
17 88
30 52
34 64
66 95
20 94
31 50
30 90
37 58
29 87
7 50
20 50
15 33
35 39
11 86
37 54
22 83
56 67
18 100
23 28
4 49
4 84
45 77
40 41
4 36
34 48
16 72
21 89
66 93
86 89
21 29
9 18
14 29
13 55
85 87
7 87
44 55
44 45
70 78
66 66
2 95
31 79
60 87
31 99
4 61
23 56
14 56
20 45
43 99
30 53
59 60
30 67
42 98
51 97
78 96
9 37
10 38
44 100
51 65
27 88
27 67
14 79
6 14
45 50
46 54
11 42
16 82
35 42
43 89
8 89
73 78
28 39
1 61
78 83
31 99
21 38
66 99
9 84
86 91
3 94
65 71
9 35
12 41
6 66
12 14
55 62
55 81
50 70
45 92
44 57
42 86
8 69
65 77
21 43
8 69
28 71
1 87
13 30
86 92
20 94
72 92
47 56
12 50
66 92
28 48
12 34
43 61
2 44
61 98
16 31
69 93
7 25
28 45
46 59
14 47
31 79
43 64
9 64
10 13
41 49
45 83
9 70
30 69
29 97
20 49
22 60
18 28
25 26
1 8
6 42
64 87
11 77
1 80
46 62
3 32
65 87
27 40
59 59
32 76
19 68
53 61
75 94
72 77
4 32
33 99
40 63
17 98
6 48
44 97
52 54
4 9
24 81
44 90
10 45
8 100
70 77
20 93
24 90
53 66
26 62
12 77
4 100
38 68
36 45
28 99
10 20
11 31
3 89
40 66
6 77
8 54
17 81
26 66
46 72
12 19
31 88
3 82
54 62
61 62
27 37
45 60
80 93
65 84
41 61
41 76
49 93
17 70
39 41
63 93
61 79
14 86
1 59
28 75
27 42
31 81
4 88
2 50
43 95
84 99
46 60
10 92
45 91
17 37
75 77
39 44
11 45
17 53
6 46
8 40
68 81
15 60
33 94
43 47
18 100
70 100
2 23
3 31
68 70
10 18
41 85
41 79
28 52
5 44
1 81
1 70
41 87
7 13
33 100
39 65
51 89
69 96
20 98
40 81
16 69
95 97
74 97
43 54
10 28
47 84
2 8
55 73
89 92
77 86
23 42
12 67
33 41
53 89
69 92
3 15
64 97
58 100
1 9
13 90
19 63
50 65
45 96
37 40
92 93
3 5
10 37
1 92
12 77
44 45
29 55
21 28
39 58
26 94
6 70
3 73
4 65
32 42
71 95
47 96
21 91
73 96
57 88
10 47
3 92
28 92
12 13
19 76
19 63
24 32
23 33
62 93
35 75
25 86
19 91
53 71
38 66
53 99
3 69
9 26
9 39
8 32
15 49
30 38
34 76
46 48
3 64
82 100
29 36
1 98
89 96
64 88
13 58
37 48
12 42
37 40
1 82
35 88
44 57
38 97
45 99
10 76
7 42
7 67
16 76
58 59
20 38
31 59
65 69
32 70
78 85
82 95
18 78
65 76
26 72
16 72
58 67
23 51
25 87
43 46
2 46
7 31
57 92
32 94
33 53
42 90
64 74
18 77
10 37
63 77
51 93
9 51
8 33
18 98
5 81
5 21
5 66
17 80
18 97
36 70
33 60
12 33
34 90
42 46
23 56
23 69
50 87
59 94
59 80
39 49
4 60
13 26
12 57
38 85
12 95
50 77
41 73
16 84
49 82
30 53
45 98
60 73
10 56
34 88
50 78
28 94
30 53
12 73
28 29
25 47
5 86
13 58
60 81
40 50
19 35
22 55
43 80
9 19
41 42
48 58
20 26
48 100
4 61
73 93
52 60
28 82
51 94
29 61
70 85
35 68
8 80
2 75
56 84
3 75
9 11
27 81
67 77
24 88
24 73
48 65
16 53
22 26
69 71
46 49
1 31
12 74
17 94
33 42
59 78
5 74
33 62
5 31
15 22
36 62
45 59
10 66
64 96
3 28
4 35
7 60
3 73
12 83
22 35
70 79
5 91
11 43
24 38
7 76
66 85
64 78
15 43
26 81
2 81
11 79
2 18
46 59
30 71
23 80
12 30
20 61
10 24
14 70
18 83
8 57
10 82
33 89
14 91
28 55
78 86
5 57
4 63
45 49
18 92
37 60
31 86
74 93
10 15
13 79
3 69
10 94
26 82
90 97
33 50
44 65
68 83
32 98
78 79
78 83
42 90
12 18
59 76
21 75
46 66
42 56
13 13
24 91
22 96
2 77
35 50
62 83
4 96
39 73
7 47
12 79
49 88
3 87
44 86
6 76
12 45
19 52
58 75
38 62
54 92
22 36
11 37
39 64
57 67
23 29
14 34
25 66
27 91
11 17
21 24
6 62
21 95
8 35
12 80
32 39
10 91
2 49
40 50
21 43
28 99
57 90
18 60
1 88
30 54
50 86
39 72
81 96
25 97
75 94
18 67
67 98
59 80
4 91
41 42
55 65
17 23
58 70
14 24
52 58
16 97
67 88
15 23
4 95
66 81
10 59
80 100
65 73
66 73
80 97
46 83
22 84
41 67
30 78
22 66
21 25
24 60
6 22
10 74
63 90
28 57
31 98
2 39
51 97
7 71
8 66
67 75
16 94
18 60
96 99
55 99
64 92
46 100
48 61
87 94
69 84
89 90
39 71
29 61
14 39
58 72
27 42
33 41
54 88
34 77
75 84
49 64
67 94
8 99
12 87
22 50
19 80
11 84
22 100
4 84
8 86
14 88
53 58
7 46
58 69
66 100
6 12
21 70
85 99
17 28
29 39
12 30
28 68
61 100
48 73
39 63
41 59
55 76
28 63
29 40
34 77
45 75
38 91
29 86
22 71
22 84
30 86
54 95
40 63
53 77
14 48
15 98
9 84
35 58
18 84
4 61
21 52
30 61
3 50
3 100
40 82
65 69
5 84
1 91
65 95
23 31
72 98
45 50
49 71
30 78
51 100
51 72
5 10
40 50
63 73
71 89
38 70
33 79
41 69
50 51
12 37
25 79
25 94
62 66
5 98
24 60
23 83
38 46
53 61
45 90
22 66
32 63
55 75
3 95
49 88
20 21
12 44
15 33
3 28
70 77
6 32
32 37
50 59
5 89
22 58
14 29
40 69
37 42
54 87
28 53
9 93
58 85
36 81
21 89
22 81
91 98
10 15
28 39
7 94
87 88
26 66
7 43
23 92
19 84
12 75
45 77
12 74
24 48
46 63
24 68
4 80
58 71
40 63
46 95
25 28
23 28
8 79
18 68
18 74
27 68
6 62
23 59
18 18
21 97
4 23
3 81
3 26
36 68
25 29
35 41
13 85
2 64
33 92
13 53
53 67
27 66
48 95
29 84
2 63
5 92
31 77
73 94
58 73
45 64
66 87
27 79
18 29
24 62
26 82
49 54
29 48
48 81
29 52
39 52
4 49
14 98
14 45
5 86
49 75
75 86
49 57
75 95
35 82
37 77
15 72
8 87
22 99
13 95
2 7
40 90
21 26
14 40
44 84
5 54
47 57
79 96
11 91
2 32
45 49
26 73
42 74
69 89
15 73
45 61
3 69
28 65
80 84
3 5
30 59
12 89
1 49
10 46
41 58
26 69
11 79
78 78
35 93
72 79
27 67
1 93
23 77
61 80
89 98
22 77
77 79
53 88
18 85
27 92
44 48
22 93
67 69
4 63
14 99
9 93
79 86
19 89
74 90
35 65
48 60
26 44
33 76
47 89
9 85
78 87
18 88
78 92
74 91
25 83
32 86
32 73
79 80
32 54
2 21
11 28
10 37
25 37
71 78
66 67
9 18
36 85
62 85
6 9
22 58
5 19
37 60
27 75
57 64
46 58
8 11
36 87
57 89
37 56
10 53
14 27
38 89
59 76
31 41
23 91
29 100
2 97
2 21
31 70
47 65
3 47
55 83
15 67
52 55
2 89
10 90
72 92
67 87
90 96
56 62
10 59
44 58
8 87
2 56
21 37
12 90
73 94
73 91
27 68
43 75
73 90
69 86
25 39
74 97
15 30
24 67
17 36
6 79
61 89
5 76
8 66
31 43
40 50
29 99
3 40
18 31
54 79
61 100
55 65
6 68
48 79
46 84
3 25
31 87
4 100
16 42
21 72
16 53
56 64
39 51
40 45
27 42
75 92
58 64
33 81
49 52
19 53
20 92
6 80
11 42
35 42
17 37
48 50
7 59
1 18
24 56
22 96
66 66
10 68
14 94
27 67
3 38
35 36
24 41
69 81
34 93
41 94
57 58
49 93
1 61
30 92
44 95
79 90
43 47
15 98
63 82
4 57
80 92
63 74
58 82
36 88
50 63
10 11
50 54
39 45
75 77
72 79
40 93
42 49
18 67
75 98
49 60
31 44
47 75
12 49
30 39
1 80
16 59
22 39
3 24
31 66
71 74
85 90
50 56
66 77
28 32
15 25
9 86
31 96
33 52
23 81
17 48
40 41
64 81
42 70
37 48
67 85
57 99
73 92
9 24
20 34
64 69
15 87
1 15
10 75
48 52
15 50
66 69
64 95
81 92
42 42
70 74
28 50
10 16
25 96
22 69
12 47
70 94
1 44
56 79
37 41
36 78
19 29
7 85
13 59
22 51
33 34
67 92
72 78
23 43
52 76
7 43
49 70
47 47
4 8
70 87
20 81
38 71
62 93
70 94
69 89
20 89
42 83
6 14
29 63
39 66
18 27
10 84
4 53
1 57
19 91
1 69
25 30
15 88
39 81
72 77
30 70
2 63
14 20
29 99
25 88
91 96
30 39
43 100
23 95
55 66
86 87
13 63
5 39
21 35
13 18
14 23
47 53
55 88
9 51
31 34
54 84
43 63
16 76
59 96
67 79
65 86
46 57
44 62
1 53
15 59
23 65
53 71
49 50
46 50
47 51
6 32
41 70
32 77
8 53
10 43
5 66
7 16
25 43
37 72
34 50
44 64
23 34
60 62
23 45
82 97
28 29
72 89
25 91
40 61
15 41
45 96
62 90
38 79
13 70
19 88
15 25
44 49
17 22
40 78
15 72
52 89
18 82
25 94
20 67
24 53
12 26
64 84
64 98
69 85
8 37
11 53
26 92
30 85
32 93
11 53
70 71
7 38
44 93
43 68
14 79
56 66
7 39
84 98
41 78
17 25
47 53
19 20
6 85
59 69
72 85
31 38
17 97
22 30
21 99
5 80
15 78
75 88
9 53
4 90
59 76
20 36
26 65
14 31
43 60
7 80
7 59
43 86
17 84
2 7
12 34
10 16
2 41
89 97
41 59
17 100
78 92
4 48
42 47
15 22
61 100
3 26
11 24
39 43
71 87
67 82
34 69
1 45
10 94
27 84
5 82
21 49
9 98
23 80
8 96
8 12
87 90
60 86
27 47
11 16
16 26
45 54
16 45
3 73
35 86
18 29
7 27
69 72
4 38
64 93
25 65
65 69
58 89
95 99
1 12
13 85
63 89
57 58
3 19
30 38
31 72
26 64
29 46
33 38
28 76
52 100
12 67
86 87
68 89
34 49
8 96
26 65
45 61
27 48
99 99
4 83
43 60
8 10
70 88
1 15
86 94
73 90
45 69
12 15
55 66
43 84
14 77
28 59
24 77
76 89
22 27
20 93
26 49
61 72
29 71
87 89
3 52
46 70
3 17
24 44
38 74
23 99
38 90
21 73
81 90
1 56
7 26
22 31
38 66
47 72
70 95
31 82
50 94
63 88
41 46
25 78
25 31
50 84
52 92
8 50
38 90
58 89
12 37
19 56
68 89
20 84
13 50
1 20
19 24
80 81
32 50
53 60
23 61
62 73
13 58
9 96
17 30
37 84
53 98
22 70
53 94
84 87
18 27
95 97
19 91
2 79
3 69
35 66
1 45
9 11
24 31
11 25
39 85
35 69
30 70
5 75
51 77
56 91
63 90
33 100
22 64
12 48
9 66
83 89
33 85
5 67
26 53
35 53
25 76
60 99
3 3
39 79
6 98
4 12
5 14
40 89
4 50
39 79
72 73
12 42
56 73
2 82
20 72
32 79
21 58
17 90
36 79
82 100
86 88
26 68
2 75
72 75
7 97
49 77
49 53
35 51
46 64
3 14
10 31
69 95
49 72
84 98
29 54
8 93
43 56
9 66
48 100
30 49
85 95
32 45
16 52
66 98
80 91
79 99
50 57
82 90
2 46
65 95
32 50
18 97
12 26
69 86
73 97
17 41
14 65
15 31
21 26
57 99
40 97
48 56
49 96
70 96
60 66
18 78
44 62
59 72
5 70
29 71
6 56
63 77
43 69
66 67
41 45
38 73
29 100
20 65
12 24
10 61
44 94
14 37
45 89
37 88
35 89
32 36
38 72
25 39
42 86
25 77
3 94
1 16
22 75
43 94
46 60
69 70
17 92
53 55
7 64
46 80
2 97
10 25
65 70
10 69
11 63
37 38
6 16
25 36
17 38
82 97
60 79
34 66
28 51
23 49
18 94
1 54
37 95
57 68
44 79
67 97
32 43
69 69
52 62
42 78
16 99
35 73
18 100
71 90
20 91
17 37
61 66
13 31
73 86
54 94
78 96
26 49
5 37
2 33
67 77
55 59
50 65
21 50
12 44
28 88
67 87
17 58
15 57
23 26
5 28
50 72
72 74
27 79
37 79
2 66
86 90
4 54
8 24
49 67
53 63
5 41
82 100
18 72
19 21
95 100
86 96
28 79
7 95
16 30
25 68
4 31
16 27
47 85
21 63
54 98
66 69
58 83
48 98
19 45
22 69
37 97
27 38
13 50
6 86
22 80
17 87
67 67
71 82
38 58
4 90
17 53
65 99
24 87
10 66
44 96
6 57
6 79
39 84
32 93
1 51
67 72
73 88
94 97
1 60
12 96
18 86
13 63
45 83
69 99
15 82
45 53
37 62
84 88
70 93
17 52
25 70
41 78
12 65
18 86
4 75
83 86
33 73
56 83
16 18
8 23
12 60
89 99
42 74
18 78
68 82
24 52
5 24
54 83
66 92
56 61
47 78
57 76
19 45
16 34
32 43
30 92
29 60
55 89
39 42
45 88
29 38
17 88
1 44
5 22
26 50
2 50
67 85
27 98
37 52
32 98
64 98
50 80
44 54
19 47
71 72
67 91
27 68
29 92
29 82
34 93
2 89
52 89
2 81
42 96
14 50
12 89
9 11
18 47
23 69
37 65
47 78
10 73
50 82
27 80
15 53
31 65
72 100
75 95
59 76
1 13
11 38
26 37
27 33
8 14
65 88
64 82
21 52
9 93
8 13
45 59
14 53
31 47
65 100
37 62
26 84
44 64
26 51
13 29
66 97
61 81
43 70
45 95
54 66
47 56
12 64
33 54
18 71
66 90
27 64
32 60
28 48
13 31
11 68
47 86
9 75
40 45
41 73
38 54
4 8
32 43
7 11
18 75
69 85
14 68
45 48
39 77
45 71
39 49
6 43
11 56
25 39
41 97
59 88
21 53
73 94
98 100
27 51
68 85
18 95
50 89
7 77
43 43
13 53
55 98
23 69
17 33
77 89
68 89
10 60
27 41
40 73
59 60
10 91
46 58
36 67
39 98
22 61
28 95
10 78
23 26
5 93
65 95
48 50
41 74
39 65
15 81
2 20
4 74
28 75
9 48
70 81
8 70
23 89
3 71
47 76
33 64
27 75
8 73
13 45
30 49
12 99
73 85
25 47
53 63
31 79
15 54
5 52
67 67
19 44
12 19
9 17
40 69
87 90
52 55
13 99
56 90
36 58
29 89
47 51
10 63
47 69
47 89
19 43
80 96
58 83
28 91
24 82
1 84
16 78
54 67
14 30
40 100
23 76
8 70
3 27
75 81
28 80
47 77
40 90
3 93
4 65
5 52
17 60
35 61
11 55
37 77
31 36
18 21
39 51
36 54
86 98
9 40
43 49
42 94
55 89
57 95
46 66
57 85
50 97
4 60
6 91
16 28
40 76
51 74
8 41
60 63
50 71
3 46
30 75
41 44
8 16
12 65
37 76
38 83
64 66
54 66
4 46
55 70
54 97
4 86
64 89
69 77
37 47
28 56
74 88
77 97
15 59
62 71
3 58
12 84
2 7
20 74
49 72
70 86
3 75
2 16
41 80
17 38
2 84
2 51
34 87
32 60
27 29
84 100
18 46
9 15
25 62
14 68
66 97
28 46
9 14
47 89
20 22
8 54
14 57
4 64
8 22
50 52
33 75
43 58
63 69
12 15
21 61
25 84
45 66
26 89
3 87
7 65
39 63
7 98
14 59
27 99
34 83
22 64
4 43
33 59
28 71
31 49
36 52
75 94
58 77
39 68
2 41
54 61
16 64
45 77
7 32
77 78
49 87
17 63
8 24
55 56
2 68
60 84
13 52
43 46
22 66
17 31
16 84
29 64
8 10
66 83
49 89
29 37
51 85
5 76
86 97
28 68
87 90
67 68
40 96
2 86
79 85
12 36
47 96
16 76
9 100
10 28
19 22
15 52
50 85
10 94
30 83
76 91
11 73
74 74
8 50
31 77
66 72
45 70
10 66
48 83
13 54
1 97
2 96
35 68
30 35
31 99
31 38
23 82
30 84
38 65
32 97
29 87
17 26
2 81
62 89
72 72
11 69
68 73
85 96
50 84
12 21
41 50
13 88
18 55
64 69
1 72
23 25
33 49
39 63
12 47
8 37
19 92
11 47
74 96
51 52
7 64
43 89
19 95
11 48
23 100
41 94
10 24
70 72
49 81
43 65
5 32
61 73
12 93
6 78
24 70
46 58
20 46
44 77
12 70
18 89
15 81
18 54
89 100
38 55
26 63
17 63
14 75
37 44
37 73
7 33
48 52
37 37
3 85
65 87
67 84
2 19
8 36
16 48
34 52
40 55
11 18
18 54
22 95
2 82
37 59
81 86
4 17
12 63
55 66
1 50
49 92
1 84
9 61
56 73
49 49
70 86
90 99
36 61
4 26
46 65
63 94
19 53
37 63
23 40
35 37
26 69
64 90
49 52
61 66
15 71
47 81
15 100
53 63
34 83
27 79
23 43
18 68
51 92
8 98
62 76
17 76
31 39
39 58
24 35
62 71
25 64
38 63
43 98
31 94
66 85
10 15
20 67
71 77
21 85
83 99
16 98
31 70
25 56
45 70
75 81
33 54
3 95
3 13
28 84
24 44
34 67
49 65
29 70
7 82
65 69
44 81
1 13
16 24
6 98
62 97
10 96
49 51
44 66
29 66
31 32
68 98
37 78
81 81
6 27
9 51
54 75
6 72
98 98
22 35
48 51
45 93
18 98
49 57
9 15
4 95
27 34
30 64
65 84
51 93
1 29
3 19
28 35
36 42
50 83
40 64
82 90
3 17
22 62
64 68
17 68
61 69
51 69
6 23
1 97
24 69
64 98
8 14
3 76
34 42
63 84
3 16
4 40
73 94
40 98
53 70
7 9
1 47
46 96
53 81
75 98
81 98
21 74
76 81
28 65
16 49
13 83
9 26
51 99
1 96
21 63
48 97
55 59
26 49
75 96
4 25
71 92
81 92
61 99
11 20
23 55
37 75
5 59
69 97
29 81
26 28
59 68
29 44
20 59
60 86
42 75
12 80
19 35
58 83
23 36
43 71
69 77
41 44
62 73
52 59
12 17
43 79
29 48
33 44
31 86
39 56
12 80
6 31
13 44
96 99
25 47
30 47
77 99
21 29
36 95
68 76
16 20
84 99
15 46
43 96
15 91
72 90
40 75
9 99
84 86
1 44
14 65
27 71
15 66
68 77
73 86
14 100
23 76
26 65
65 79
87 96
35 99
23 74
44 93
55 95
32 66
14 98
6 27
19 63
95 100
30 39
4 52
4 59
43 59
20 35
69 77
36 62
16 76
31 37
30 53
79 87
6 61
16 19
8 18
63 64
34 51
3 82
75 82
4 46
31 73
79 93
67 99
50 72
9 12
42 93
4 42
36 41
72 72
6 9
79 82
8 75
62 67
16 67
69 75
12 13
3 32
15 97
22 51
37 49
14 23
50 52
9 68
48 70
26 69
58 76
25 94
60 70
46 65
29 88
79 82
30 91
38 60
21 65
65 84
14 18
2 84
74 83
17 60
25 69
65 83
61 87
7 40
18 81
6 31
20 23
39 50
71 89
2 12
44 63
7 46
6 15
18 32
11 25
91 93
66 94
72 87
13 90
20 26
27 45
42 42
20 69
94 98
5 80
84 93
31 91
10 53
4 20
24 89
24 33
73 93
28 69
55 60
42 68
21 46
38 52
54 76
42 51
18 90
58 76
44 87
58 94
34 77
10 100
4 46
19 93
82 84
50 90
33 42
12 96
38 88
81 94
52 74
20 76
37 38
36 60
27 28
53 87
49 93
20 58
21 21
30 48
62 82
2 20
10 33
36 67
4 25
4 22
55 59
9 68
58 71
2 7
24 70
73 94
13 67
2 34
20 57
4 82
65 77
90 92
7 73
7 22
10 36
30 82
80 87
87 98
56 74
44 88
48 63
5 71
1 31
17 73
74 95
86 91
1 56
20 24
46 71
14 39
64 73
4 57
62 89
38 57
13 39
76 99
10 84
3 13
29 49
83 94
18 70
56 86
56 72
23 23
54 94
33 79
64 87
36 88
7 67
76 95
51 87
2 45
21 80
54 57
37 82
37 90
78 89
80 83
61 99
36 86
7 35
32 62
17 50
23 90
31 48
14 65
49 93
5 81
28 78
14 21
22 92
39 41
38 97
20 97
24 47
67 89
74 92
9 46
52 86
22 39
22 28
24 89
26 79
56 84
23 62
3 8
43 65
53 70
82 100
28 54
83 86
12 85
3 57
35 90
23 32
37 86
16 88
9 100
17 28
32 48
86 96
20 40
21 92
20 84
13 82
18 80
33 80
11 21
66 98
7 15
67 88
5 79
30 59
8 23
1 51
39 68
65 65
58 79
26 38
20 88
15 84
31 76
27 60
29 69
96 100
20 89
11 34
41 66
66 98
18 71
38 80
31 36
20 65
80 91
2 20
9 51
11 65
27 41
25 60
49 73
14 96
45 70
50 79
75 90
21 28
22 75
13 34
3 60
5 29
20 73
12 70
69 80
37 77
36 47
6 46
11 89
30 88
28 64
71 78
59 90
80 86
15 88
80 89
13 60
8 53
5 95
44 100
22 71
35 70
37 75
19 43
74 88
35 66
53 59
20 39
13 67
51 89
55 96
36 75
14 24
58 98
46 49
71 98
68 71
83 87
37 51
41 94
63 75
5 10
37 80
60 71
20 42
27 94
23 96
35 59
59 97
75 82
72 88
14 23
12 27
61 78
16 23
11 99
16 36
76 83
21 68
1 77
40 81
39 82
37 76
75 78
56 74
52 80
55 84
57 66
29 93
39 47
13 19
31 93
18 55
54 99
21 43
1 86
9 43
68 95
51 74
12 14
36 70
13 85
75 86
4 51
15 85
22 38
5 94
44 63
88 93
24 50
2 22
55 67
33 36
8 79
20 47
21 56
73 92
6 71
70 92
3 66
5 19
4 59
9 92
74 92
78 92
42 51
62 90
16 65
19 86
52 58
4 17
46 61
6 84
4 44
1 91
12 35
7 88
11 34
21 92
21 43
4 66
26 37
29 73
35 63
17 73
1 3
34 82
22 86
33 64
23 86
36 93
4 39
1 30
22 100
59 65
11 16
10 75
6 66
21 49
1 52
55 64
2 74
32 34
11 47
31 48
1 28
12 86
80 98
32 43
8 65
24 26
46 67
17 49
8 70
78 100
15 23
7 91
24 63
36 55
9 75
2 22
8 75
42 46
20 55
35 70
30 61
42 44
35 63
22 76
29 31
18 37
10 45
9 82
17 86
81 93
69 82
13 98
30 70
14 43
81 97
36 98
27 65
37 51
11 66
29 55
20 96
3 72
5 17
61 86
36 83
20 76
66 80
48 72
45 54
55 100
54 78
14 64
1 33
3 10
51 68
15 18
1 69
2 68
19 100
45 96
78 88
3 25
68 74
64 88
9 96
13 21
3 26
29 85
33 90
1 64
43 75
74 95
2 65
41 42
55 95
46 76
36 94
84 87
77 85
72 87
6 55
76 86
3 41
26 29
18 98
18 20
24 61
11 71
8 63
8 11
34 43
17 36
6 43
10 30
44 64
24 28
39 68
5 32
11 59
77 92
31 59
40 51
26 29
51 83
2 99
85 92
47 66
3 57
2 45
26 30
11 98
31 100
79 86
50 81
13 21
94 97
44 63
32 38
52 58
71 86
36 73
27 55
71 73
21 67
53 57
38 88
5 50
5 44
84 93
38 84
17 59
11 24
25 69
19 100
71 97
24 98
82 94
15 97
27 80
73 94
25 68
4 83
19 49
18 96
15 68
58 94
43 61
24 29
87 89
31 37
25 56
53 85
9 88
42 87
70 100
45 99
20 62
11 11
21 95
6 11
45 51
8 33
36 56
1 72
60 99
12 73
57 67
22 26
40 97
22 100
9 92
8 96
16 25
60 72
26 53
16 62
50 57
53 96
79 95
30 54
26 88
40 70
1 81
8 53
1 7
45 55
54 100
20 58
11 56
27 45
38 69
42 80
69 83
19 83
64 70
72 94
63 73
47 52
6 99
23 38
42 70
49 84
46 76
8 91
19 49
2 96
6 93
33 91
20 21
28 98
2 35
12 74
32 91
11 37
6 86
7 24
22 90
69 72
51 85
5 58
57 58
64 84
6 18
40 70
73 90
80 86
6 61
92 93
2 72
26 91
1 8
42 53
10 36
55 68
59 70
24 24
6 66
21 22
70 87
65 80
20 40
34 65
41 66
10 59
17 81
41 59
36 97
36 49
2 36
8 72
21 59
14 47
83 97
12 18
65 83
31 52
17 55
33 34
51 78
16 41
13 93
15 46
44 51
47 83
62 75
7 84
16 46
1 6
74 89
34 76
7 58
1 58
5 5
43 54
68 71
20 100
76 80
81 99
42 53
14 24
23 92
49 56
31 64
85 93
46 51
21 21
29 80
41 70
51 68
55 75
51 74
53 63
60 100
68 79
70 80
97 99
3 8
37 91
48 53
44 85
31 80
72 75
22 62
8 64
19 27
52 77
7 69
23 77
8 67
21 27
66 78
4 69
52 61
5 22
5 62
64 83
83 95
13 63
8 36
52 68
30 49
25 82
46 51
23 66
20 76
2 69
73 99
44 76
10 79
80 96
16 66
3 89
61 93
8 10
3 9
47 99
66 66
33 94
16 63
83 94
5 87
58 72
23 87
50 60
45 100
65 71
12 21
4 71
30 48
62 62
24 53
16 80
69 77
98 100
60 61
74 85
38 93
14 45
64 80
81 86
85 94
47 71
57 68
32 90
68 75
29 77
34 44
11 76
2 61
42 89
39 42
2 15
20 59
4 81
46 85
9 60
40 92
25 73
20 64
76 94
37 94
78 83
29 52
33 84
10 46
11 32
18 61
19 41
10 36
9 62
95 95
9 74
90 92
30 99
20 94
5 24
16 73
86 88
55 63
5 16
39 50
27 99
88 92
6 44
10 58
20 58
88 94
19 23
9 27
22 97
1 1
34 88
57 57
14 82
15 35
34 63
15 19
61 73
83 85
90 94
8 61
3 14
47 74
56 100
24 28
51 61
11 74
11 63
73 81
59 71
11 54
10 100
5 28
9 36
34 64
39 91
10 86
20 90
55 92
8 42
59 67
22 68
59 83
64 81
27 73
2 92
10 71
53 97
29 94
47 48
5 37
1 91
25 56
4 93
32 47
21 95
18 77
28 39
49 84
35 59
50 99
32 58
21 27
87 89
47 60
1 79
12 41
26 91
42 54
3 53
76 97
1 21
82 100
64 90
30 74
21 100
38 41
43 71
12 82
9 52
89 100
32 82
18 60
5 10
69 93
28 64
36 87
15 68
67 70
14 34
68 97
76 79
7 30
29 65
37 74
61 84
60 74
2 70
61 62
37 87
27 72
5 46
31 99
35 38
35 98
14 95
54 86
37 86
28 85
15 69
38 43
6 61
41 58
2 57
9 44
14 18
36 91
44 48
62 63
2 89
5 50
18 78
61 61
8 46
34 50
28 50
23 28
61 66
75 93
23 79
5 29
37 77
87 97
9 23
34 63
26 36
27 98
3 67
67 87
39 52
9 12
36 48
29 66
50 64
18 43
27 55
95 98
22 24
74 79
62 65
22 34
3 97
17 64
94 100
50 79
32 75
7 94
67 67
8 74
28 36
43 49
18 24
91 96
3 42
3 48
71 97
2 48
59 83
1 30
33 63
45 81
10 75
15 76
72 94
58 88
53 67
4 82
83 89
28 76
15 36
33 67
83 84
70 83
22 38
10 98
51 66
29 85
24 86
17 82
52 89
61 72
35 95
19 64
35 49
21 42
27 48
24 45
54 83
51 89
72 94
92 92
61 64
20 88
48 98
49 89
5 89
28 99
64 95
57 72
7 40
69 72
87 95
37 62
2 67
10 52
67 96
30 92
42 97
64 84
6 61
28 36
17 41
6 98
19 48
64 99
2 90
30 67
71 80
2 90
7 57
28 69
2 35
40 62
71 72
32 43
19 77
35 44
37 47
37 41
37 84
68 78
12 45
80 99
44 98
15 16
59 83
6 29
83 100
39 83
6 53
37 65
4 7
75 92
60 85
5 91
25 52
24 84
20 95
37 87
16 65
16 37
44 58
40 60
5 54
33 41
8 96
40 54
43 81
1 2
2 6
71 76
2 78
77 88
66 78
38 53
70 87
26 75
8 36
22 41
22 39
38 88
55 61
46 90
42 62
10 12
71 95
12 54
14 68
6 62
12 30
28 85
17 92
13 23
32 77
81 100
22 32
19 30
49 86
28 90
23 84
30 62
8 78
49 50
25 53
30 75
68 69
54 56
9 86
62 75
18 98
42 58
17 19
63 75
25 67
16 65
22 22
91 98
37 100
37 73
15 69
29 29
10 35
13 35
83 100
43 98
31 96
30 37
15 59
30 35
31 77
61 71
56 59
43 49
63 83
38 70
1 60
39 78
9 83
35 63
30 75
80 87
42 49
5 68
38 97
45 50
25 41
5 56
2 39
33 76
81 89
38 43
81 84
37 97
19 42
3 75
26 76
13 84
22 60
45 47
28 89
46 65
17 90
1 7
40 53
10 96
25 35
52 91
38 49
34 91
58 83
3 9
19 51
4 7
6 10
26 84
7 96
7 100
25 84
41 68
11 61
15 37
91 93
21 99
3 9
13 70
59 96
46 100
58 62
14 51
7 60
22 29
17 42
25 51
37 85
46 68
70 75
41 89
32 36
91 97
6 60
72 88
20 20
1 76
44 61
79 94
19 95
42 96
8 17
4 28
30 65
27 82
52 70
7 46
87 94
6 77
28 93
15 72
67 81
6 57
8 75
2 54
2 17
46 86
44 97
49 69
42 59
50 96
45 67
34 93
4 89
20 67
65 67
26 62
39 94
67 77
52 53
23 91
17 49
29 90
64 88
23 88
46 84
80 93
12 37
7 100
29 67
65 70
80 87
78 83
10 79
46 77
49 60
11 94
27 61
11 19
8 46
18 88
28 46
13 15
27 73
9 98
73 88
32 81
47 84
58 78
29 75
26 46
8 36
20 92
56 84
12 76
14 68
22 42
12 84
45 79
9 89
21 75
16 69
28 86
32 80
3 58
7 71
12 32
13 53
23 49
7 88
38 53
25 49
37 96
2 47
5 62
20 90
4 52
4 95
23 97
16 61
66 95
29 89
11 100
45 60
53 70
20 80
18 71
54 89
1 15
28 88
44 61
54 95
23 88
15 57
11 62
77 81
2 48
55 88
42 45
13 98
41 48
53 68
46 72
15 40
69 92
11 99
3 78
39 80
52 83
50 61
91 98
15 90
4 63
70 79
7 36
52 99
90 100
66 70
49 75
16 41
5 20
41 76
69 87
37 69
20 43
34 75
78 98
8 59
56 78
13 71
47 74
61 70
45 68
3 22
16 59
69 88
27 44
28 76
13 36
50 99
19 94
26 83
18 58
65 89
25 87
70 76
46 87
50 98
18 40
16 44
8 58
2 31
3 42
41 96
82 84
41 72
54 84
5 23
19 73
74 83
45 75
7 39
51 82
4 96
61 65
16 89
5 100
29 57
6 30
45 75
11 100
71 98
9 16
39 82
43 46
5 77
61 62
26 83
6 68
19 37
16 72
7 19
51 55
7 31
34 76
43 76
55 77
65 90
58 81
20 53
20 58
34 96
53 79
47 75
30 52
73 83
18 79
73 88
83 94
40 74
4 86
59 100
39 48
31 40
24 91
1 50
18 75
37 78
15 85
75 95
66 86
76 88
78 86
55 67
38 66
49 50
34 75
47 51
67 98
48 78
81 96
44 51
11 27
27 41
32 82
67 85
39 91
27 59
48 74
1 62
39 57
16 43
47 47
88 88
44 53
13 54
36 70
28 91
41 57
72 99
40 70
5 32
39 73
26 85
21 33
20 41
61 90
75 90
12 86
35 77
29 75
4 99
64 82
6 27
58 87
5 24
61 89
59 97
18 48
13 53
49 83
11 98
41 56
42 87
51 81
26 41
67 95
58 92
18 86
21 64
69 76
15 69
7 85
28 30
74 98
29 63
18 92
63 63
19 42
55 70
31 39
45 95
63 70
3 32
17 80
83 84
61 79
59 68
16 80
12 51
51 71
77 91
66 88
49 70
26 53
77 90
41 48
19 48
74 98
6 8
3 16
25 28
54 84
81 87
8 58
12 49
17 95
53 61
13 31
14 26
14 87
18 53
69 98
34 79
2 26
8 60
75 98
13 52
2 41
24 100
80 100
35 96
13 87
78 97
60 69
13 94
48 88
27 67
39 100
56 86
41 90
4 5
91 93
43 52
16 17
73 80
27 92
49 77
9 85
57 74
43 66
54 78
14 77
36 55
23 56
62 74
58 91
38 42
1 99
11 56
8 83
21 69
1 73
72 77
31 44
55 62
79 95
42 46
27 40
13 90
18 61
9 18
86 87
47 62
76 100
30 37
56 67
66 71
21 97
14 75
59 60
28 42
89 97
39 67
81 89
14 15
28 55
39 44
4 48
1 68
32 44
29 91
66 100
11 32
34 87
5 24
31 86
82 83
50 95
60 71
37 51
11 50
11 75
15 98
28 29
29 61
37 93
2 55
2 72
29 69
40 95
18 48
1 44
51 95
49 53
26 33
50 98
56 69
12 35
20 42
70 79
43 73
1 81
12 19
32 33
83 90
18 93
43 76
4 49
81 85
40 86
23 42
2 48
8 79
78 96
86 88
15 96
53 70
22 32
55 94
62 69
61 77
11 67
43 83
5 16
15 86
22 39
60 65
35 73
61 90
14 34
30 69
62 66
40 97
64 75
47 65
10 86
8 22
41 90
31 56
45 52
9 70
68 98
22 78
21 58
44 90
2 26
41 79
16 43
74 75
28 31
1 85
7 15
45 70
15 63
35 76
37 91
9 65
25 32
37 89
44 65
23 92
45 91
58 98
58 94
85 99
57 96
48 63
59 69
47 53
34 95
48 74
8 53
52 85
45 94
55 79
57 93
6 37
86 95
47 54
1 100
76 98
4 83
38 44
26 97
40 63
16 21
17 54
46 66
2 47
14 85
54 94
5 28
77 80
1 68
35 50
16 60
23 62
53 73
70 73
60 62
67 93
9 99
13 100
23 79
10 34
17 85
16 65
14 53
20 94
30 46
36 48
38 47
67 69
65 91
24 88
20 27
25 35
23 39
21 39
36 87
44 78
17 74
4 64
21 73
48 57
49 55
84 89
30 63
11 30
47 78
4 79
29 53
64 95
58 84
12 96
26 64
60 62
53 65
39 59
7 26
27 64
13 31
30 75
77 78
13 19
44 88
25 43
24 32
31 33
43 78
9 62
12 48
38 70
58 67
35 72
84 99
4 87
3 78
2 69
5 6
7 43
14 55
71 76
6 43
79 84
30 88
24 32
26 82
10 51
35 58
43 43
36 58
25 97
18 29
40 59
42 100
64 83
6 63
63 95
74 97
70 88
14 20
62 94
6 60
22 43
37 92
88 91
51 57
53 74
27 38
5 73
10 71
37 80
54 58
15 15
55 82
65 97
17 59
66 84
24 39
80 83
56 98
55 60
47 98
40 54
49 62
35 88
63 69
17 66
11 42
54 80
57 83
46 83
41 91
47 68
49 69
73 87
48 79
48 69
47 53
81 88
52 90
42 78
28 75
56 71
58 75
18 73
30 89
83 91
52 71
22 89
48 64
19 88
8 14
73 77
55 87
65 97
33 56
33 69
54 87
73 80
78 89
29 58
38 61
6 53
32 70
9 67
45 88
12 84
20 23
87 87
84 97
30 99
55 67
27 76
19 66
66 100
65 94
67 83
30 33
58 67
2 47
16 60
29 79
95 98
28 79
28 32
57 84
17 70
67 75
4 79
9 18
20 89
67 71
33 74
47 86
37 61
53 83
55 100
11 66
11 12
31 86
42 75
15 87
68 91
38 77
49 96
23 73
51 89
16 28
12 79
36 62
42 59
35 54
8 33
67 78
11 98
29 69
20 36
39 86
20 58
65 83
50 64
69 82
15 49
37 71
9 60
9 63
6 54
89 100
92 100
27 56
23 73
57 72
43 82
14 45
7 20
43 67
13 40
35 85
44 75
35 40
23 55
14 15
67 89
3 64
2 40
12 45
38 100
67 72
88 88
31 45
47 91
60 96
33 98
22 71
31 69
44 95
71 86
73 76
64 91
11 37
5 95
21 75
7 32
40 88
36 75
53 86
99 99
17 67
85 93
37 67
25 58
9 94
58 97
6 54
5 27
10 50
69 86
22 96
47 55
12 86
46 90
40 93
6 24
22 80
14 66
16 65
30 84
28 85
4 87
12 92
27 50
25 76
55 62
11 44
21 83
8 23
49 74
4 41
19 22
71 88
48 82
57 71
2 97
27 91
43 83
3 49
16 43
64 65
40 97
17 73
5 55
29 59
53 85
26 74
57 70
1 42
40 85
15 48
54 65
79 93
20 35
17 68
71 93
40 76
22 70
58 65
40 43
37 92
8 97
2 38
77 98
31 50
77 79
52 91
26 74
46 84
6 64
58 96
63 80
40 61
32 85
59 100
3 48
56 83
68 100
24 72
3 35
57 92
81 91
15 71
35 94
47 84
18 47
33 40
34 48
60 76
19 78
23 99
39 44
28 66
10 37
61 93
32 63
27 49
7 96
25 79
4 35
11 14
19 51
7 23
77 97
25 86
16 99
5 53
29 69
2 49
53 97
23 44
44 71
70 75
27 38
16 84
16 37
43 63
1 71
3 75
30 43
62 98
73 83
52 90
14 100
43 100
14 71
12 25
10 52
37 84
33 44
65 82
63 98
23 23
72 82
27 58
35 91
7 20
49 78
51 77
3 18
9 49
7 51
13 66
31 47
40 60
64 64
2 18
3 44
32 63
1 1
39 74
38 97
36 60
52 85
58 70
14 69
28 92
53 92
11 85
24 89
17 95
47 66
21 32
39 49
65 91
23 31
24 25
19 83
55 85
17 21
42 94
84 99
13 30
5 70
19 27
36 83
13 87
2 82
1 5
16 43
76 83
8 10
26 76
1 13
20 95
64 92
91 98
13 52
21 65
39 100
82 89
57 90
15 43
56 98
75 80
5 80
23 69
18 92
21 30
11 95
45 55
18 76
38 55
11 52
11 80
9 33
29 97
40 90
19 79
66 85
41 93
8 62
18 66
48 84
35 39
30 78
28 43
33 80
1 94
10 92
19 19
39 49
17 76
69 86
15 94
47 58
44 92
63 86
7 52
31 63
72 95
60 81
66 100
19 61
34 99
29 83
11 17
34 90
4 77
33 90
39 60
52 55
42 86
4 34
5 15
41 75
21 38
20 91
50 97
15 93
24 63
5 48
59 77
6 41
8 84
33 81
62 81
40 76
33 54
17 45
35 68
34 76
36 70
10 23
18 32
10 94
17 96
12 48
20 95
52 71
22 88
78 92
43 54
69 81
68 80
41 80
21 96
51 75
42 92
59 62
16 43
62 79
30 49
30 44
25 83
39 80
53 70
24 34
67 91
22 37
76 96
57 97
42 84
14 34
40 57
23 29
49 58
61 77
10 43
59 84
20 44
3 98
4 29
67 88
17 92
19 48
56 79
48 77
39 75
4 6
76 83
82 87
46 84
90 90
10 17
5 36
33 70
15 46
46 76
40 55
36 63
25 27
83 99
49 58
46 81
32 42
50 62
33 87
6 93
24 54
92 95
18 76
41 70
10 38
83 98
18 69
13 63
30 55
47 60
53 69
33 62
38 94
49 65
20 98
5 14
4 98
12 17
49 57
3 23
82 83
61 87
21 74
63 83
18 83
20 56
47 90
52 65
34 38
83 85
38 93
31 58
69 99
38 80
2 14
56 57
43 71
50 90
49 78
70 82
38 72
51 69
35 72
58 92
15 21
49 83
16 70
34 80
32 74
71 83
23 69
14 74
3 61
16 75
16 78
11 85
19 31
62 65
29 58
54 56
10 12
2 77
28 63
77 80
18 86
58 78
60 63
48 75
1 72
26 83
45 45
36 58
26 87
1 99
43 46
20 44
53 93
10 13
18 65
25 26
50 65
11 33
19 62
34 71
17 47
60 69
55 75
44 67
1 36
48 76
22 80
24 85
14 42
61 89
27 63
20 95
26 33
67 81
61 80
3 85
27 43
47 57
10 57
11 36
5 32
14 60
44 70
81 90
66 96
22 50
57 66
16 29
17 29
24 40
54 66
16 66
33 62
83 90
72 91
31 58
63 85
3 32
43 80
43 78
34 60
18 71
27 67
3 51
29 78
40 96
77 96
3 20
19 99
25 99
25 57
19 94
63 93
56 66
13 87
43 98
76 96
47 100
6 26
41 62
30 41
22 53
23 73
44 59
2 41
52 90
19 56
63 88
33 34
47 92
26 49
9 83
34 66
10 87
29 60
61 64
28 93
11 93
46 64
38 54
68 71
36 95
59 80
56 85
73 99
3 57
13 23
18 70
77 91
61 83
60 92
26 35
76 78
34 90
57 62
7 62
16 66
36 38
39 70
24 65
42 54
25 34
36 68
32 92
71 82
6 37
67 98
2 79
27 66
70 87
2 9
6 9
73 74
24 88
36 58
58 78
60 79
73 95
36 79
19 44
43 70
16 16
30 95
69 77
7 84
58 100
60 76
30 82
30 72
40 100
78 100
71 77
36 36
1 67
83 84
34 41
2 26
46 85
31 93
46 53
25 94
63 86
28 48
6 27
40 80
50 81
14 62
13 99
70 78
6 12
19 95
12 70
21 60
16 77
6 27
28 61
23 95
11 60
1 58
43 44
3 61
74 78
30 66
35 67
32 46
22 80
24 73
13 75
28 29
52 90
51 53
82 84
23 77
5 6
45 95
39 45
11 36
4 95
76 82
13 97
9 14
26 84
29 68
82 90
1 22
21 83
6 32
57 81
92 95
28 49
2 22
58 77
45 91
24 69
31 52
90 91
34 44
29 71
25 63
61 81
14 38
7 66
37 98
61 83
5 52
6 35
23 31
16 37
56 89
28 78
19 20
58 80
9 51
45 70
7 34
22 29
37 50
54 99
14 44
11 58
18 44
96 97
36 51
8 77
6 73
13 16
25 44
89 93
53 62
14 72
35 74
9 90
35 78
42 98
20 79
11 73
31 95
71 76
81 88
76 80
82 86
25 62
43 59
33 80
37 52
36 63
9 78
57 83
68 73
26 78
22 93
9 20
86 94
92 92
15 16
6 31
23 45
16 39
77 97
15 22
52 79
17 35
10 35
54 56
5 30
25 87
63 91
24 42
66 81
7 68
14 41
52 68
45 76
79 87
15 93
14 99
31 55
15 47
1 99
90 94
2 39
86 100
34 37
61 71
30 61
5 43
7 99
12 47
56 74
10 53
1 27
67 84
66 79
26 72
47 54
67 90
48 73
9 22
19 35
40 89
21 83
1 71
58 73
18 46
89 100
49 53
27 67
7 40
22 55
43 47
56 86
41 48
47 76
3 82
86 98
73 100
3 57
19 83
40 83
30 66
18 32
44 72
30 58
7 95
61 79
49 66
56 85
22 62
18 97
23 75
8 9
13 34
1 73
4 52
19 42
53 96
18 45
53 88
57 94
36 40
2 80
80 88
23 76
48 70
28 35
45 69
16 52
13 79
10 37
15 69
35 82
56 57
21 87
23 76
48 57
33 71
13 17
8 27
3 71
27 86
11 86
22 47
19 90
4 99
39 43
2 35
10 83
35 49
38 99
40 86
35 64
20 82
23 98
42 86
2 90
35 84
3 62
8 17
15 51
26 91
32 76
15 95
21 81
36 89
1 80
44 86
62 88
19 40
91 95
66 85
87 98
46 65
33 74
9 60
47 93
23 34
78 83
96 100
9 93
14 71
45 98
4 21
8 72
29 37
33 68
85 89
23 30
54 85
1 56
16 22
26 95
14 37
8 19
60 98
61 88
57 83
15 29
17 48
64 76
11 17
1 94
9 29
32 59
28 80
17 83
38 77
11 21
3 70
27 49
14 20
62 68
40 80
26 37
14 86
4 70
53 56
55 56
53 73
39 88
3 73
1 66
13 25
32 35
82 87
15 77
3 14
15 47
29 46
1 7
4 51
39 89
4 23
48 82
9 22
14 68
2 92
77 98
12 27
5 70
7 95
45 70
44 69
36 68
31 83
69 86
41 94
14 81
15 38
69 79
57 86
1 30
54 66
14 61
28 95
48 78
28 91
35 68
36 81
73 92
33 65
32 58
27 95
31 46
13 32
8 45
27 79
54 77
69 78
53 90
24 62
24 31
25 93
51 80
36 55
6 46
6 99
23 48
57 63
14 97
36 79
27 84
40 59
62 80
7 42
37 84
4 58
1 71
30 58
26 78
26 41
36 46
29 81
24 90
88 93
63 71
25 56
38 94
41 94
9 26
35 51
13 50
13 69
42 95
32 100
47 94
9 30
22 24
22 88
26 35
82 97
31 65
25 75
50 58
75 86
20 26
53 75
58 70
41 74
57 58
9 22
10 73
2 74
36 100
46 57
75 78
35 65
5 67
23 31
65 84
17 37
30 34
2 20
67 68
2 82
27 71
36 76
5 80
46 58
2 91
53 79
35 85
19 92
9 85
19 91
41 81
6 51
20 93
49 58
18 67
15 39
59 94
14 74
59 65
48 62
24 77
47 93
12 26
32 34
92 96
28 77
8 78
5 62
40 75
50 75
22 45
21 51
80 88
44 82
1 50
9 26
16 99
9 12
62 95
83 91
37 71
36 86
74 89
51 76
62 95
61 97
6 11
17 27
68 80
15 19
10 98
52 67
23 28
24 86
41 47
39 98
4 10
9 41
31 76
3 47
35 38
3 71
42 93
30 49
18 31
42 64
4 67
20 96
11 84
37 48
25 76
28 31
18 21
11 30
50 92
6 73
49 97
17 67
38 57
12 95
27 43
13 62
49 93
6 64
34 74
1 21
31 77
28 56
21 72
42 100
49 73
14 73
69 78
9 43
18 45
5 21
10 29
33 87
36 62
3 65
10 26
49 69
26 52
64 78
5 62
21 28
3 71
12 41
33 62
58 65
31 64
24 80
11 22
62 93
8 13
37 41
10 53
26 98
14 37
22 81
54 98
20 39
28 85
12 81
43 78
53 60
88 91
38 95
9 23
81 99
53 100
19 55
22 87
35 58
4 10
14 100
62 68
54 93
39 62
12 46
50 59
53 72
17 88
10 13
71 92
2 77
66 80
63 97
20 87
28 96
22 61
39 45
29 67
32 39
1 95
2 81
51 53
8 32
18 68
26 51
20 43
9 96
86 98
17 100
26 76
14 92
16 79
36 45
36 68
22 89
66 87
55 72
8 94
43 53
21 68
27 57
40 42
78 80
33 48
46 95
18 81
28 99
50 63
43 89
5 89
15 85
58 67
18 88
5 52
31 65
62 73
77 82
25 67
23 26
20 60
62 85
3 63
7 22
70 96
5 61
7 20
66 76
21 87
2 41
31 77
82 91
8 91
14 38
65 99
30 72
51 83
38 77
5 51
34 100
24 38
3 67
8 33
27 64
17 80
9 90
73 100
4 43
40 90
34 73
10 64
22 73
70 76
2 64
25 75
15 79
11 97
22 83
38 45
7 51
64 69
68 89
1 87
33 77
70 93
27 94
8 94
44 90
95 98
8 83
41 77
11 74
41 59
5 53
57 63
23 33
16 79
82 96
1 41
14 30
8 99
22 28
52 71
93 98
57 66
88 99
64 95
9 89
56 75
49 88
48 83
3 61
20 96
5 96
27 56
40 79
3 78
9 39
89 95
8 26
62 68
21 45
2 77
40 77
5 68
27 68
78 94
44 76
34 88
18 80
51 94
52 77
74 96
39 51
61 92
22 46
34 74
2 25
44 57
31 48
39 49
11 33
75 97
41 48
83 97
13 66
29 85
66 93
31 66
37 100
9 43
12 33
66 95
9 26
64 70
27 31
73 98
59 72
66 100
9 88
65 87
24 94
81 86
40 90
37 42
10 94
47 79
44 92
4 9
11 93
5 27
26 75
89 95
7 42
32 71
82 97
34 52
59 100
69 96
6 98
29 38
28 72
19 86
27 64
21 69
32 61
15 43
55 56
47 60
55 74
31 31
17 80
32 100
32 54
22 96
28 48
16 30
53 99
54 62
15 23
40 70
26 78
4 19
40 86
42 76
16 92
36 91
38 41
29 42
26 79
21 56
25 71
12 75
62 92
26 91
15 62
44 70
76 94
6 19
21 52
55 66
21 92
20 92
46 71
47 62
24 50
3 56
39 54
3 55
6 57
11 46
63 67
41 90
12 74
19 28
11 22
31 81
14 98
23 48
81 93
25 29
2 55
33 54
52 81
63 97
72 73
59 87
43 95
7 80
16 36
18 88
68 73
28 55
15 35
5 71
77 100
10 63
48 67
58 93
85 95
49 96
23 83
32 67
48 100
47 50
2 30
69 79
17 66
80 90
54 73
42 90
10 64
70 85
3 23
29 87
17 96
12 40
15 15
61 85
32 40
13 13
3 49
26 38
27 32
36 69
11 23
39 91
1 21
40 86
56 97
19 64
36 52
41 65
14 35
29 99
10 69
40 97
50 64
32 64
77 85
70 76
1 27
58 65
24 36
50 68
53 61
60 90
50 97
48 82
39 46
44 91
43 43
24 51
56 67
40 82
52 63
27 50
65 75
46 60
42 100
51 100
24 35
59 64
21 90
69 72
57 92
10 92
40 77
15 93
75 91
8 38
17 74
86 100
85 86
8 72
11 74
68 74
40 88
13 42
26 56
37 65
13 14
35 36
22 70
16 22
3 84
79 94
32 61
45 50
71 84
18 95
75 100
50 54
75 86
36 68
19 77
63 87
10 62
12 35
14 20
9 98
20 39
5 56
66 76
30 36
64 87
46 77
36 95
14 62
45 76
22 82
4 72
11 13
15 99
11 45
31 70
30 61
30 83
79 90
55 62
5 66
19 30
56 72
80 98
42 53
59 75
29 98
1 81
11 53
19 20
1 16
83 93
3 95
20 27
34 50
4 47
29 75
47 71
19 65
36 43
70 79
34 61
9 88
36 75
38 54
26 41
43 57
24 79
3 47
5 58
53 99
5 74
31 91
14 22
42 96
33 58
52 90
17 53
73 76
45 50
17 73
36 78
27 43
18 73
28 86
43 98
51 52
16 75
38 49
66 84
65 74
4 50
41 59
15 88
8 27
31 62
58 60
54 56
2 15
2 51
22 49
34 99
1 100
9 39
54 73
27 56
25 49
4 95
3 74
55 67
47 73
28 54
13 23
5 29
50 66
56 69
41 75
23 28
77 84
95 96
19 61
62 83
13 31
53 78
80 81
39 46
15 60
24 48
91 95
16 71
10 51
13 23
20 86
50 67
44 51
69 88
17 32
30 60
3 49
5 83
13 81
31 63
79 90
3 55
71 79
34 94
50 63
37 44
10 34
25 80
68 77
13 25
27 45
12 89
34 49
22 51
27 88
22 95
20 54
28 90
29 83
17 94
15 55
39 69
23 100
11 73
53 55
7 11
36 85
1 79
5 19
64 92
70 97
27 87
28 49
14 39
15 65
61 67
87 96
21 78
31 83
19 49
68 98
63 92
4 17
32 68
32 44
59 75
4 16
24 26
44 70
46 80
16 32
49 59
37 81
42 77
1 93
16 32
64 75
38 54
26 50
26 77
5 41
1 20
57 75
8 65
7 19
10 68
89 97
45 90
23 65
15 75
36 38
59 71
9 77
2 64
6 99
81 84
38 93
93 99
78 84
18 20
56 77
46 90
12 90
57 70
15 92
49 87
57 92
64 70
6 93
26 45
40 60
55 87
34 88
76 92
29 42
7 27
11 70
26 54
63 97
49 77
10 36
74 90
54 91
88 94
60 96
21 98
38 48
21 43
46 74
4 4
9 70
5 27
4 88
12 15
9 61
46 86
79 88
40 75
3 77
21 22
15 96
28 66
27 52
36 69
60 92
51 86
61 96
30 39
51 96
20 33
79 98
70 71
63 100
62 94
10 66
26 57
43 69
55 92
5 32
1 11
43 80
78 96
1 53
55 61
41 81
15 81
49 79
55 96
36 85
19 64
47 86
26 79
44 84
6 44
44 55
56 95
22 59
60 77
49 80
20 34
20 41
24 70
21 47
18 91
1 48
27 43
92 99
94 100
3 79
14 18
57 82
22 81
31 89
30 61
13 37
28 34
3 40
4 32
78 89
21 52
23 25
65 66
16 52
43 67
18 84
82 90
24 89
22 40
48 54
45 85
16 78
9 16
71 100
18 73
5 76
54 82
23 23
57 69
1 50
4 44
60 77
65 94
64 98
6 10
7 60
18 39
15 46
60 70
70 71
12 89
42 87
28 40
86 100
8 8
74 87
7 65
29 78
34 98
19 51
62 94
15 59
58 92
14 24
44 74
48 78
19 23
65 95
33 66
30 66
75 80
35 66
64 83
30 93
29 87
1 18
36 51
1 15
47 66
46 92
3 37
18 28
25 28
31 38
68 73
58 71
11 95
57 59
1 48
89 89
23 87
2 38
16 96
73 87
35 56
48 80
90 95
57 90
20 82
39 74
86 88
2 47
11 12
39 54
62 67
17 85
46 72
89 94
22 25
15 60
22 70
58 75
9 67
13 99
36 55
73 78
47 57
27 44
72 99
32 73
5 6
6 52
86 96
14 18
22 35
5 16
24 98
20 59
12 30
23 80
14 43
17 59
59 75
8 11
16 37
63 80
76 92
17 43
11 57
35 50
18 76
34 58
7 57
30 78
13 65
15 29
51 84
23 88
31 74
9 25
49 89
6 38
37 90
40 49
51 53
39 72
19 98
63 92
74 86
53 64
67 77
26 62
27 67
20 48
26 58
81 91
23 90
11 93
76 90
26 59
32 47
21 47
7 88
60 79
49 69
63 68
11 95
47 76
15 69
20 65
35 54
12 12
27 48
21 56
45 77
55 99
38 75
50 54
1 22
18 92
3 48
77 100
34 100
5 70
5 75
30 77
41 51
64 94
2 4
39 66
93 100
13 53
40 44
51 94
29 61
16 76
64 71
51 61
26 46
11 91
24 75
12 29
22 28
64 87
19 26
49 67
64 94
11 17
15 51
69 93
52 83
38 54
8 49
23 71
41 88
19 38
48 49
22 82
14 77
4 91
24 75
7 71
8 50
60 90
30 89
31 86
7 75
17 38
29 76
51 100
34 70
28 53
15 38
24 79
51 54
29 44
38 44
11 39
20 60
65 81
1 5
21 69
42 90
36 57
36 100
3 95
5 100
15 65
20 44
2 5
67 99
40 81
33 88
71 84
33 85
72 76
1 43
4 66
62 87
35 82
8 41
44 52
27 83
19 30
25 95
9 38
29 57
29 83
54 84
29 32
34 68
42 55
32 41
10 94
26 78
29 82
18 35
52 67
38 87
1 48
65 75
52 80
22 27
19 59
31 86
45 71
57 99
46 81
13 23
16 81
10 28
41 66
19 49
41 65
9 85
13 58
45 77
5 19
24 33
38 92
4 6
18 24
24 100
23 26
57 76
44 64
2 64
21 57
40 76
52 59
37 96
9 60
76 87
46 73
24 53
59 82
1 37
11 67
22 57
98 99
19 66
40 95
14 27
19 29
26 78
4 58
64 72
23 29
11 15
30 82
56 79
3 86
29 84
9 36
21 27
66 86
3 8
20 64
6 80
43 97
28 94
14 23
49 76
5 12
66 90
66 70
6 22
14 75
81 93
15 15
6 31
43 82
24 80
84 95
92 93
25 50
30 72
5 72
12 28
46 72
25 63
12 58
61 93
20 87
8 61
17 21
71 88
6 39
30 41
52 68
1 2
27 90
13 84
54 98
21 93
38 66
20 38
9 34
63 96
4 92
2 62
73 80
25 38
35 44
19 26
28 55
56 92
19 61
8 71
33 77
37 88
40 99
23 84
3 27
80 91
21 33
18 51
31 70
1 70
29 78
28 61
9 97
5 25
42 89
26 49
14 44
26 58
13 57
19 84
47 60
10 72
38 82
28 72
3 29
49 92
4 27
21 30
42 57
64 85
34 89
1 56
18 71
63 70
18 54
76 89
83 88
10 20
92 100
13 76
30 44
10 27
40 80
36 97
3 27
39 86
63 100
56 85
24 26
9 85
25 96
1 4
57 70
21 97
78 97
43 59
15 60
38 51
54 94
67 70
32 53
5 39
14 26
17 96
12 65
18 89
70 90
97 99
59 76
18 53
8 64
8 76
39 74
19 47
84 90
93 98
78 94
1 3
52 72
15 72
5 26
20 76
6 37
60 62
37 70
2 98
66 69
10 79
16 27
79 87
25 55
35 97
23 96
57 95
77 95
87 96
13 95
73 74
7 52
27 30
31 50
8 75
49 96
88 93
27 99
5 7
89 98
73 95
26 83
26 76
31 57
64 78
37 38
61 76
6 72
28 73
5 90
43 65
28 90
64 99
13 28
80 90
1 96
32 41
13 28
25 53
60 88
59 77
70 87
28 98
10 29
15 94
72 97
17 31
54 95
50 94
33 96
73 92
56 71
81 88
36 36
20 45
4 19
6 54
6 11
58 98
56 71
68 100
71 88
13 58
56 58
13 26
81 92
34 61
15 87
16 28
66 87
22 89
91 96
27 31
63 68
48 62
4 30
11 20
25 66
3 12
38 96
57 96
33 98
73 87
44 51
16 37
42 78
66 70
59 76
24 83
19 21
92 97
36 79
45 62
74 77
25 70
35 62
65 72
59 72
2 32
15 21
44 69
45 85
2 72
39 81
60 62
7 29
35 73
4 38
32 51
81 90
60 68
62 84
48 87
58 73
18 34
39 71
74 98
37 53
11 52
31 49
12 84
2 68
68 89
24 52
41 79
41 54
22 39
82 87
67 69
71 72
12 44
95 96
95 97
5 52
16 66
96 96
63 90
14 32
75 89
28 89
34 46
1 60
30 85
92 99
33 64
46 50
54 80
12 79
43 48
53 66
22 79
32 92
19 88
13 37
24 49
74 93
5 37
25 33
26 71
52 68
44 78
64 98
9 94
9 88
4 14
49 90
3 46
35 73
27 74
3 52
18 20
22 42
61 91
7 18
42 51
9 42
50 69
64 87
27 52
39 98
10 27
2 19
1 47
15 72
6 95
57 90
31 53
13 72
9 18
24 35
14 90
34 94
36 58
38 52
11 38
3 25
71 86
23 99
15 35
39 76
33 66
49 85
5 36
17 37
29 60
48 59
22 46
68 88
13 95
57 91
15 46
49 89
4 34
65 97
17 54
41 74
48 72
43 48
16 93
27 40
34 60
64 69
37 70
37 86
48 69
48 68
15 30
31 91
2 43
6 10
16 21
25 44
56 88
71 96
47 88
9 58
70 98
24 99
39 79
16 40
26 48
16 87
40 61
56 65
47 97
4 20
43 43
50 71
52 94
13 80
71 93
15 41
3 83
6 13
50 68
17 98
8 60
16 36
36 77
70 72
4 72
9 66
6 75
11 69
54 80
49 76
16 39
19 50
36 42
18 43
61 68
5 28
35 45
24 68
35 98
22 55
60 96
84 88
9 30
13 27
4 69
4 32
31 77
75 85
2 59
69 96
7 99
98 100
25 49
48 82
27 98
29 87
3 22
50 66
77 87
6 38
41 45
13 32
4 61
22 40
8 66
60 97
28 86
15 50
11 36
9 22
50 55
40 60
43 63
69 78
66 73
46 93
82 92
73 81
13 79
23 98
34 40
12 14
42 42
46 68
7 55
62 65
4 7
48 96
38 83
44 80
76 81
10 21
91 94
30 50
54 67
25 71
28 80
66 73
25 85
22 92
1 82
17 75
53 98
46 60
55 91
24 63
85 88
21 54
80 97
32 70
55 86
31 54
6 70
37 100
65 79
50 91
86 98
36 56
11 95
44 98
68 82
10 83
14 38
21 100
11 22
48 89
49 78
33 47
1 42
2 28
58 65
26 92
9 93
57 86
5 11
48 76
27 57
10 43
14 35
97 100
12 79
83 88
29 35
11 59
16 81
34 64
6 73
34 59
46 85
9 76
23 53
56 73
15 74
18 22
4 40
54 70
17 26
21 31
34 85
67 67
6 31
20 84
58 72
23 72
25 82
22 34
33 41
85 96
73 99
47 95
5 73
31 38
78 96
55 72
15 18
28 29
77 86
60 85
12 43
32 68
39 58
26 100
19 76
25 34
17 93
31 71
68 71
63 97
33 47
23 26
63 82
53 89
34 98
43 61
24 83
13 58
75 95
19 85
80 90
1 91
51 88
40 45
17 89
22 61
30 46
12 40
55 84
48 75
50 82
48 58
7 10
10 46
68 73
73 86
27 77
40 98
41 56
37 77
7 49
14 82
73 97
7 52
57 76
52 77
16 46
7 7
23 32
44 85
37 73
49 84
16 25
70 86
19 39
39 82
1 23
7 40
25 94
9 87
51 66
54 60
51 76
28 77
60 77
2 65
4 23
72 73
96 100
24 57
37 54
63 75
44 99
22 79
62 84
46 49
40 63
24 53
31 82
6 24
27 37
84 92
33 85
32 84
44 89
5 10
24 68
14 53
45 91
1 72
36 48
24 46
26 94
1 50
8 87
8 26
6 34
49 58
71 92
24 69
8 77
16 17
42 87
31 99
9 18
61 94
28 77
20 58
36 87
18 69
33 90
78 98
7 32
13 65
13 62
65 80
20 72
3 45
18 31
5 46
16 93
12 41
59 61
6 87
26 58
75 92
7 15
48 96
23 36
6 44
75 89
81 91
48 81
36 58
14 96
12 32
41 65
36 52
92 93
39 96
9 12
41 51
78 81
7 41
26 74
54 67
10 63
1 51
66 75
1 1
8 70
46 83
52 73
79 95
23 94
31 72
44 68
33 42
3 3
54 96
10 20
36 66
47 97
54 81
36 51
29 61
10 47
49 93
18 69
69 87
11 52
21 93
22 27
48 98
3 33
77 81
1 98
26 45
50 96
19 26
32 99
72 99
8 35
54 61
9 98
12 19
12 25
2 61
50 90
9 49
21 39
40 76
17 73
34 75
52 70
5 33
8 14
11 64
63 71
16 96
14 24
23 34
5 54
11 31
37 82
29 77
90 98
30 56
8 57
32 98
25 44
38 98
43 60
21 90
13 60
12 81
44 75
15 82
73 80
29 55
26 70
22 82
1 68
22 56
3 34
62 87
68 70
62 84
30 33
25 66
41 84
56 72
6 44
88 99
14 68
22 83
78 93
50 50
56 93
24 80
82 86
67 69
30 56
7 78
22 88
58 77
2 14
21 88
1 15
21 32
13 28
6 58
14 50
19 72
8 20
44 60
13 19
56 64
7 96
21 43
24 94
67 83
84 87
77 100
15 90
45 88
63 87
5 32
2 19
60 80
71 78
11 85
49 76
14 65
59 73
7 25
37 61
24 98
6 81
17 26
43 48
10 13
24 50
3 59
75 88
95 98
41 87
46 92
37 86
34 42
37 50
10 50
8 100
17 80
34 40
90 98
63 99
16 60
13 31
54 98
39 57
75 100
51 55
63 83
1 91
76 93
38 99
52 69
13 31
43 84
1 82
13 91
21 81
93 94
25 97
17 56
59 74
17 79
55 100
16 24
34 97
37 86
81 93
17 69
15 49
10 33
58 61
45 45
19 69
53 80
17 24
13 36
38 72
11 88
18 57
28 90
7 46
72 92
73 95
37 53
63 66
14 19
38 96
48 54
42 63
14 27
31 56
2 96
22 33
8 61
54 62
25 31
18 83
2 37
1 21
74 100
2 67
45 53
35 63
9 12
25 47
3 96
24 95
7 24
78 80
18 48
19 45
26 78
68 89
5 65
74 75
85 98
11 33
44 78
2 43
72 95
21 58
38 87
13 70
29 82
93 99
6 67
12 94
84 84
39 86
19 24
49 94
65 88
65 72
35 77
26 29
21 61
31 40
47 62
18 49
75 77
5 95
42 44
74 81
37 50
92 98
59 66
8 20
18 40
40 76
71 74
34 81
65 88
36 78
41 94
18 77
50 58
11 64
49 53
52 95
1 11
18 50
54 89
32 55
22 99
25 85
6 22
5 9
51 71
4 60
17 91
51 83
27 72
69 92
8 81
15 62
12 69
5 64
50 65
54 98
19 52
63 80
28 93
10 62
79 82
48 69
41 86
2 69
7 16
37 95
4 41
68 85
80 96
17 82
42 56
79 94
9 82
64 81
12 17
33 94
6 81
25 26
32 73
80 94
26 94
28 31
52 60
33 87
55 98
1 65
24 82
26 58
39 47
30 65
57 67
47 62
3 73
14 62
29 48
60 84
34 100
39 81
25 69
38 56
17 35
20 54
32 98
22 71
1 66
23 52
58 60
2 92
10 21
32 91
29 75
26 58
4 82
24 75
13 33
1 37
39 95
11 50
19 53
30 46
40 59
70 87
19 35
24 42
65 67
49 81
43 82
25 71
8 69
7 29
55 78
4 73
36 76
11 51
41 64
72 87
57 92
73 77
28 100
48 59
18 86
28 50
11 74
26 87
6 8
68 81
27 56
36 37
74 88
7 52
11 41
27 28
80 94
2 84
27 93
15 41
64 67
89 92
32 67
10 87
10 13
10 41
46 60
24 77
93 95
2 75
11 34
6 84
39 67
29 35
46 77
39 43
12 19
54 81
70 70
50 97
36 77
14 50
63 82
41 43
66 98
79 83
9 68
70 90
26 41
22 26
21 40
5 22
6 25
17 63
28 96
19 49
16 79
33 43
2 24
9 47
3 8
3 49
62 70
23 25
14 45
86 94
86 95
28 68
15 58
19 47
38 87
8 55
15 39
17 17
10 76
61 94
53 63
67 92
13 56
13 18
69 93
29 47
44 76
31 95
24 70
82 89
40 73
56 77
87 89
23 28
64 71
43 94
1 91
26 69
34 82
57 99
41 51
17 39
2 46
2 41
6 59
21 57
90 94
20 30
6 47
57 69
13 39
28 100
13 89
36 58
17 37
29 79
61 62
18 50
11 25
13 21
26 56
28 28
5 44
53 100
23 61
36 95
9 13
34 41
4 31
43 84
19 55
22 100
13 96
58 94
90 96
45 71
6 55
4 77
40 49
1 13
58 92
62 74
59 73
15 65
44 66
30 49
63 75
6 16
58 60
59 65
56 71
51 56
31 89
32 80
28 31
40 86
1 12
1 70
12 44
61 91
55 65
22 91
17 54
13 16
39 83
56 98
76 95
26 57
1 4
6 44
7 69
41 55
14 97
12 36
51 67
50 75
4 56
50 97
65 70
67 77
68 100
21 81
78 90
15 49
9 15
70 100
26 85
69 85
6 7
60 64
11 36
14 24
3 48
45 96
17 24
51 64
37 82
22 75
30 50
58 89
43 44
13 100
23 54
14 82
8 80
31 63
23 99
4 13
17 31
7 73
21 50
10 88
48 91
41 70
22 56
52 74
48 83
10 76
3 23
27 80
30 49
16 59
48 97
55 79
81 99
58 74
16 62
32 67
11 41
36 51
1 55
20 99
7 47
30 83
31 49
15 73
44 67
11 67
44 49
46 52
15 91
65 86
47 69
75 96
47 89
9 44
79 80
57 77
7 57
8 99
44 49
1 1
20 58
48 84
87 93
58 79
7 76
17 23
37 95
20 77
90 93
20 59
65 92
6 62
19 84
50 94
32 61
8 36
35 89
40 88
35 90
22 77
2 60
40 80
3 17
64 85
20 75
18 95
54 81
16 40
38 60
59 84
41 70
5 14
12 48
37 41
18 59
24 38
71 72
14 52
23 38
23 46
51 55
33 38
51 94
1 26
82 85
6 75
12 84
62 76
3 92
17 18
1 2
46 98
14 61
79 92
21 68
8 99
18 38
1 99
2 49
16 76
36 58
4 49
14 77
61 82
10 78
76 76
59 73
78 98
24 87
53 73
57 74
29 74
2 15
8 39
44 99
25 99
33 84
77 99
75 78
17 94
26 85
60 86
77 79
17 67
19 88
30 75
45 88
54 91
69 74
4 80
25 37
30 41
21 99
15 38
60 86
32 72
65 76
19 91
39 74
29 100
58 97
58 83
66 82
2 37
45 87
4 48
24 75
85 90
55 80
33 71
52 56
45 48
65 85
2 68
20 74
69 92
9 52
4 76
33 85
55 75
83 85
79 88
28 94
62 72
57 80
2 4
47 74
17 19
18 63
28 80
92 100
90 97
84 99
7 81
23 51
38 39
2 29
17 59
37 44
44 100
32 45
8 63
15 42
62 99
30 32
61 83
27 63
44 88
29 92
58 95
39 42
17 45
9 14
10 86
25 32
24 77
33 99
98 100
30 85
42 98
40 51
82 97
3 27
58 66
51 88
77 90
50 81
28 53
68 83
3 83
3 25
4 12
34 67
8 8
29 79
48 56
33 56
35 41
30 66
18 32
76 83
51 57
25 37
19 23
52 52
4 90
15 31
80 85
29 35
72 80
8 99
77 99
21 33
47 56
30 31
36 51
46 87
30 77
49 80
62 92
74 95
30 31
3 91
16 49
44 93
57 86
56 93
95 97
19 71
6 80
6 18
48 61
38 73
25 84
5 45
74 87
4 63
35 95
71 77
45 57
4 38
46 93
29 41
1 29
52 95
28 43
34 76
56 71
73 90
39 90
46 64
24 42
76 77
33 37
28 30
89 98
53 80
24 31
27 85
75 99
2 54
16 50
7 56
16 72
87 94
30 55
10 46
34 91
24 90
89 100
36 89
32 95
14 52
84 93
10 60
68 73
21 67
72 79
48 66
43 75
34 91
3 70
1 23
13 47
29 90
14 88
38 69
75 77
45 90
73 80
2 71
55 92
78 83
71 89
26 81
35 72
14 47
72 90
28 43
13 80
12 97
20 77
26 47
31 38
12 41
59 81
32 99
4 55
15 94
24 58
33 46
32 55
3 56
54 90
22 27
19 89
12 19
12 27
24 99
29 70
20 30
17 41
10 47
18 43
43 61
4 31
40 62
71 78
1 46
22 51
2 31
18 43
7 15
75 80
2 99
45 68
35 78
32 67
24 51
96 97
36 92
3 85
49 94
10 91
42 75
51 77
26 45
2 7
68 86
55 56
38 52
3 22
62 69
18 91
12 45
4 9
48 80
19 90
16 50
88 100
16 63
7 83
5 23
37 83
30 95
27 61
34 58
30 73
45 99
13 57
56 94
2 81
36 59
98 100
46 78
41 53
61 78
60 94
6 22
10 35
44 66
43 89
21 64
24 32
5 22
64 89
38 94
35 85
76 83
10 31
56 95
6 92
37 72
12 33
38 64
68 69
18 96
31 100
22 91
15 100
33 47
12 88
45 93
49 69
44 78
35 93
3 36
20 45
46 95
7 55
79 91
56 79
66 86
16 92
34 65
55 58
67 73
7 77
16 77
34 42
59 96
32 71
14 26
45 96
8 85
54 69
10 87
21 59
6 31
52 87
22 89
90 91
31 88
36 63
23 60
9 19
85 86
62 96
14 82
75 98
35 71
71 82
26 33
30 37
72 92
53 76
8 22
7 21
71 73
26 67
39 78
26 40
18 100
2 53
45 93
69 77
4 23
57 65
14 49
1 100
49 57
3 95
48 92
95 98
25 62
10 68
74 81
9 30
24 48
89 94
13 62
39 60
62 87
27 93
17 96
56 80
36 70
76 80
76 80
36 41
18 75
84 96
14 15
12 83
49 86
73 85
13 18
24 59
21 29
54 65
65 89
47 80
1 16
34 56
12 23
59 97
60 77
20 81
43 55
44 61
30 67
8 18
65 91
74 86
5 53
62 65
34 60
4 84
5 38
20 42
35 45
30 31
61 87
6 14
5 39
3 66
65 89
65 81
2 87
5 79
29 51
52 94
10 78
24 92
16 58
18 30
21 74
19 77
50 64
3 16
86 100
10 57
89 99
58 81
57 75
58 88
50 67
68 87
27 29
57 77
14 82
1 77
68 82
45 97
6 88
30 53
73 89
1 64
2 53
50 62
10 88
32 56
10 94
68 84
55 84
2 81
44 53
9 88
87 87
79 82
17 55
27 31
6 46
75 94
22 64
67 67
61 80
84 95
63 63
34 83
51 78
35 96
65 76
87 88
29 37
32 72
21 100
77 83
91 93
45 54
11 17
39 100
33 91
45 84
22 28
24 55
67 86
80 84
31 39
14 97
7 65
11 43
1 84
43 89
9 94
23 49
59 67
14 89
36 56
73 80
59 82
36 37
79 97
21 91
50 64
5 61
12 43
21 92
8 38
38 57
62 99
13 79
38 75
19 22
2 13
13 80
55 75
3 25
25 47
43 48
20 74
9 86
27 87
76 76
83 88
7 17
29 36
5 41
86 86
9 13
17 17
2 96
81 97
58 86
86 87
21 43
34 49
21 74
6 17
31 61
20 74
20 48
92 100
5 41
18 74
30 35
67 95
35 47
49 99
20 91
14 88
32 52
82 89
37 42
7 20
21 79
32 99
10 99
47 55
37 84
66 77
25 78
34 91
12 93
43 81
29 39
11 88
18 60
3 75
26 69
47 82
80 86
51 93
19 51
44 90
36 66
59 78
16 67
5 25
15 78
44 88
74 78
27 82
30 33
39 83
24 83
38 72
34 48
44 53
11 71
1 11
7 39
37 80
75 99
5 46
37 84
3 51
56 82
30 78
28 58
17 72
49 60
61 83
3 26
14 20
11 56
56 92
37 88
49 91
57 90
12 93
23 65
8 94
23 29
33 38
31 80
34 97
33 68
1 25
18 72
27 32
3 52
16 76
32 61
11 58
50 81
26 80
11 73
15 81
21 89
65 89
27 85
5 51
55 89
6 49
23 67
13 79
20 30
33 60
66 83
9 67
21 84
8 53
32 91
17 85
24 77
42 73
48 86
10 64
21 57
41 44
4 72
7 82
38 65
1 4
14 21
41 89
33 97
64 71
2 51
76 93
15 38
57 58
37 70
17 66
83 91
1 49
12 73
67 69
25 94
9 44
20 63
87 87
37 60
21 78
38 91
25 43
50 94
30 54
7 96
64 67
57 71
8 38
2 38
15 78
21 47
4 62
45 53
53 68
6 13
90 100
30 33
15 57
21 99
14 35
31 70
75 99
7 26
53 83
40 82
25 95
76 93
75 91
44 68
12 15
34 49
45 63
41 79
78 94
69 76
24 84
24 66
17 89
42 94
68 84
21 53
67 96
59 90
56 100
27 45
41 83
62 83
35 36
1 27
3 78
46 93
4 18
16 69
54 60
5 73
26 90
5 44
55 93
21 21
29 87
22 40
26 48
34 52
18 100
33 49
32 41
7 37
59 94
14 72
36 99
38 57
38 59
22 44
46 89
59 71
7 57
9 34
10 53
54 65
7 55
61 90
25 31
14 25
41 55
24 87
25 99
18 60
12 21
20 86
62 80
35 50
29 36
33 37
86 89
19 65
5 61
98 99
14 71
23 75
67 70
89 92
30 88
31 56
72 73
61 87
65 81
5 21
38 75
19 41
76 80
56 81
52 100
12 15
68 72
60 82
11 86
7 95
22 70
8 23
63 66
14 51
6 59
32 82
2 15
57 80
8 73
53 68
30 74
51 100
34 84
76 97
18 36
42 57
11 37
42 52
53 64
74 79
34 45
52 95
49 65
54 69
36 45
57 70
5 86
22 100
5 51
14 23
55 96
60 76
59 75
50 53
8 59
5 61
48 54
5 39
76 78
42 75
9 89
2 53
32 40
27 92
11 79
66 88
22 44
74 79
24 48
21 46
71 77
9 89
74 99
2 61
85 87
79 94
10 80
12 18
63 81
41 70
2 34
70 82
2 30
18 90
72 94
7 34
29 94
61 88
28 94
59 98
2 98
36 51
15 22
4 55
40 87
48 72
1 71
60 69
6 69
25 25
15 94
44 69
82 83
21 57
29 60
18 19
66 82
1 55
20 73
18 44
35 89
95 98
31 81
11 85
1 9
29 93
23 74
65 98
10 31
14 68
8 55
24 35
72 82
9 99
38 87
62 83
27 84
7 41
24 36
49 69
74 81
4 44
13 55
50 67
42 97
23 50
35 84
84 88
54 60
25 45
16 28
34 88
26 35
89 100
4 56
24 38
5 45
29 72
22 55
52 69
50 70
12 18
80 94
5 11
87 98
11 39
22 26
6 55
30 88
38 75
64 94
4 46
62 98
61 97
57 84
52 84
35 69
8 77
16 36
83 99
44 70
9 35
27 40
10 20
36 84
1 78
40 47
23 35
14 79
17 35
71 88
42 79
66 76
16 39
1 35
38 76
61 85
16 34
38 62
71 80
50 52
18 71
37 61
67 76
28 88
10 26
2 74
37 63
57 90
66 69
33 57
4 26
30 34
15 35
1 59
44 65
31 35
62 70
50 78
42 59
64 81
33 79
34 41
14 32
39 67
7 15
61 86
31 100
31 93
62 75
28 63
6 65
3 56
30 80
81 95
7 99
22 63
65 96
16 97
35 67
12 23
34 97
48 99
7 77
93 99
41 56
63 97
50 84
43 82
3 92
19 20
54 79
67 93
12 38
27 86
35 99
53 62
28 87
97 100
41 85
39 59
57 96
53 55
24 100
52 72
75 91
26 66
12 19
19 38
5 100
45 63
25 27
34 48
42 67
18 47
19 56
5 17
38 89
39 55
22 43
11 47
11 44
56 96
58 85
15 81
10 100
43 51
39 100
13 23
5 60
41 55
32 39
64 85
46 53
23 28
24 96
89 93
30 38
46 56
12 78
64 86
20 21
67 74
23 83
38 54
24 77
3 15
66 95
54 80
45 82
15 50
51 64
33 92
87 95
84 87
32 92
43 68
93 98
27 80
83 99
16 65
15 28
57 64
22 31
28 41
13 62
8 31
1 53
28 63
2 13
35 47
38 78
96 98
53 83
4 36
12 82
6 24
35 44
72 84
39 86
1 31
20 35
47 92
8 65
36 42
63 80
14 82
76 98
21 34
56 63
35 73
21 51
15 38
60 62
43 62
20 26
24 97
16 90
20 37
11 35
15 30
29 36
55 97
73 78
3 85
37 71
18 87
35 62
19 92
19 93
2 14
12 83
52 84
13 70
4 51
27 31
8 42
14 35
28 47
22 68
1 61
30 71
10 59
91 92
60 67
17 26
77 78
3 38
30 60
19 99
62 84
30 98
10 80
50 82
84 96
81 91
49 54
5 95
25 63
30 63
55 95
67 82
41 58
8 42
10 100
47 97
54 86
86 91
13 38
29 85
39 84
18 46
17 85
43 58
79 79
1 24
55 87
83 99
52 61
53 85
41 80
17 39
45 96
51 94
21 35
30 56
4 6
6 81
94 99
1 55
37 73
34 85
72 82
12 33
18 61
1 98
1 69
62 66
74 78
27 59
23 23
16 21
10 56
20 61
39 62
43 91
49 64
61 76
63 69
49 78
5 86
56 80
59 62
45 56
25 45
47 92
43 76
82 99
76 89
68 92
40 100
68 95
55 90
88 92
71 86
40 56
79 79
42 78
36 88
31 78
28 86
17 20
26 74
90 95
38 57
16 78
33 84
1 77
19 89
15 83
41 63
14 100
40 71
73 96
41 84
65 74
47 66
13 94
23 79
3 12
74 97
27 73
23 27
18 58
18 40
28 30
4 9
76 91
61 81
34 47
9 59
66 75
87 94
87 99
78 97
16 100
38 44
42 89
25 83
40 64
95 100
12 57
47 71
41 55
18 45
39 45
13 65
33 50
49 88
3 33
55 91
37 42
25 70
27 82
18 59
6 93
51 78
65 94
11 53
16 46
48 52
16 89
39 71
40 69
86 89
11 58
15 49
10 75
27 80
14 55
73 95
16 76
51 71
37 45
72 90
2 41
29 66
31 82
22 99
45 57
6 25
61 83
32 57
62 75
60 73
20 60
4 35
58 90
15 47
10 52
47 54
48 50
44 92
50 92
32 70
14 19
45 97
7 47
25 43
31 76
14 72
4 18
12 23
12 45
69 80
18 96
49 54
31 56
2 3
5 38
39 59
46 80
6 30
12 78
26 75
18 78
67 94
55 82
4 26
47 95
53 64
23 51
29 99
49 51
2 58
9 86
2 51
31 43
39 73
53 60
28 93
52 84
9 82
49 74
50 77
70 83
17 47
8 12
75 76
15 59
16 25
18 58
27 82
16 56
20 63
6 100
41 42
6 67
12 99
47 93
21 83
21 22
4 14
75 89
9 52
40 76
4 52
18 58
46 74
2 100
27 53
3 10
3 69
24 70
59 62
46 82
73 77
21 66
31 92
28 95
77 92
16 79
2 35
51 80
26 64
19 82
37 91
55 85
33 83
30 47
16 43
49 65
54 97
29 33
12 65
72 77
32 100
41 65
83 91
20 48
54 56
57 58
4 61
67 86
25 80
6 80
43 80
38 100
49 65
13 82
36 83
39 74
28 44
17 34
51 82
29 35
19 70
51 84
2 80
77 99
24 53
25 97
70 79
46 91
27 58
25 34
33 41
42 73
57 75
71 83
51 71
47 58
19 31
38 60
33 49
74 84
62 62
52 89
43 54
32 62
63 87
68 82
4 61
25 27
6 57
41 83
15 88
70 76
40 82
15 80
40 51
30 72
23 95
34 56
44 77
40 74
48 84
2 95
11 71
29 42
60 75
3 93
8 48
4 10
3 74
23 88
57 62
43 61
65 77
4 85
30 61
30 30
1 57
42 63
53 88
49 64
12 70
57 74
64 73
67 96
11 98
4 54
12 57
16 82
2 30
43 69
97 98
7 38
55 63
9 30
27 97
25 37
42 50
27 45
10 11
2 25
5 15
93 94
22 36
24 66
17 32
51 65
15 78
62 87
21 60
5 14
48 67
25 60
16 24
30 66
23 72
85 93
47 63
1 65
52 90
41 78
2 50
38 50
2 57
75 91
75 78
4 98
20 55
7 96
86 88
46 93
2 30
51 59
9 13
37 75
17 24
3 53
26 92
11 54
52 79
44 94
25 36
5 22
48 84
14 92
53 71
52 95
44 71
8 79
16 46
1 59
29 100
97 98
80 83
65 76
49 68
70 96
35 60
66 92
24 92
9 20
8 55
31 71
22 26
22 30
82 100
66 82
44 96
42 44
10 88
21 74
62 83
11 84
37 75
50 67
6 44
37 85
15 62
50 83
16 28
67 74
37 93
34 78
20 65
35 51
30 97
78 87
67 74
41 54
22 97
8 61
10 61
64 73
1 89
6 6
27 79
47 77
4 100
34 55
25 48
79 89
27 44
25 83
66 72
6 75
25 87
36 72
24 38
55 73
45 60
59 61
34 65
36 97
12 97
16 39
2 38
57 65
2 4
67 95
11 87
37 65
67 69
20 54
21 27
8 60
66 85
19 94
22 53
80 94
13 100
70 78
11 74
44 69
19 83
34 45
66 83
38 68
17 42
23 95
24 72
53 97
15 28
37 47
36 69
2 30
24 34
44 75
53 88
36 72
90 92
1 100
60 70
77 78
35 37
22 43
50 69
11 41
61 65
66 68
33 56
11 38
22 72
77 92
4 67
20 93
8 60
4 55
22 44
38 45
26 73
27 71
28 80
71 93
13 14
10 29
8 52
1 84
40 61
19 62
17 47
76 100
67 100
89 94
2 34
34 89
27 82
3 18
2 74
51 63
17 86
4 15
24 45
21 90
85 85
22 27
35 51
44 69
1 78
42 100
2 99
52 76
67 99
72 88
12 46
14 66
51 58
60 72
13 89
19 32
20 42
17 46
62 90
65 89
54 70
29 46
39 77
4 44
12 41
12 92
59 60
86 93
12 69
70 91
30 34
21 62
61 87
43 43
40 64
22 22
60 88
49 62
68 93
14 80
13 81
6 57
25 58
20 25
33 95
40 48
18 87
21 51
40 45
59 62
51 63
27 35
29 57
42 47
1 61
28 79
31 47
3 59
29 71
6 55
43 59
30 50
8 8
38 47
50 83
10 48
5 59
65 96
52 95
19 78
27 94
86 96
24 93
81 96
88 88
66 87
33 37
21 88
29 65
19 88
6 33
62 71
29 34
29 90
38 57
21 71
14 72
21 55
59 71
42 46
39 92
2 48
18 35
27 40
7 8
25 71
7 64
9 61
7 82
8 72
85 91
6 24
50 59
18 30
45 72
20 73
73 76
59 83
17 20
9 11
89 93
26 62
57 76
62 74
10 100
10 65
67 98
5 77
15 68
63 76
16 67
34 91
12 97
22 43
36 85
22 29
36 91
18 72
42 52
44 94
35 42
33 41
79 85
6 46
10 26
5 64
9 15
5 98
6 24
10 91
45 87
47 94
65 86
37 49
87 91
1 31
44 63
63 78
36 41
72 93
77 94
7 90
33 50
55 88
29 55
17 64
74 98
40 54
1 4
9 41
18 18
88 99
8 47
26 46
78 95
46 47
76 97
5 74
51 77
51 100
9 26
21 78
22 50
30 46
79 83
34 93
31 98
53 77
61 81
20 69
63 69
78 80
86 91
1 63
13 67
50 79
46 47
57 82
89 92
42 99
35 43
5 26
71 98
70 89
28 62
13 60
18 98
55 69
90 98
30 41
9 30
59 97
93 97
4 82
13 28
14 35
54 78
38 72
42 49
47 80
11 74
8 71
5 14
69 97
31 70
8 45
11 29
85 90
62 82
10 34
38 38
15 32
31 82
8 55
22 61
58 59
7 89
48 64
35 87
16 88
51 54
86 87
34 97
16 21
45 88
40 100
30 51
36 56
46 54
35 56
67 94
64 73
13 71
7 64
35 51
8 36
29 58
34 82
34 43
59 81
50 87
6 72
35 90
6 78
30 51
11 13
63 79
57 78
1 30
1 44
40 89
55 71
10 34
10 36
35 95
77 82
47 85
7 73
12 35
47 58
22 94
78 79
46 64
41 100
9 80
30 44
21 81
11 53
47 64
37 96
77 92
4 75
1 15
15 79
61 87
13 32
32 43
21 84
29 51
1 88
79 94
6 14
44 86
31 48
33 43
1 70
13 17
27 56
61 74
10 22
12 38
13 39
76 76
11 91
31 94
15 77
30 46
16 66
17 32
58 95
45 60
27 62
27 55
63 81
13 48
58 67
28 64
24 34
17 74
37 41
20 37
74 78
5 12
48 73
48 86
46 55
34 62
38 82
65 80
10 30
13 29
9 31
58 86
16 77
23 63
8 61
59 84
90 90
21 52
19 20
29 32
9 28
37 47
23 55
63 95
67 76
48 56
45 53
23 60
31 41
21 28
83 87
22 85
4 94
4 34
11 65
22 53
9 85
13 51
16 34
44 69
6 74
12 50
25 89
66 90
70 98
66 74
52 98
23 26
44 94
67 84
4 75
1 10
46 76
39 95
9 64
32 52
7 80
40 97
11 77
31 53
5 70
26 69
53 62
37 82
75 78
5 5
29 32
40 98
21 48
22 86
16 58
50 73
35 51
97 99
47 50
6 28
73 93
47 87
3 13
57 93
4 7
6 69
45 48
37 55
61 85
84 98
4 10
70 89
5 62
46 63
18 55
15 87
37 45
27 46
17 23
16 28
31 68
14 26
23 37
22 29
87 90
85 95
18 82
45 99
69 97
34 78
43 44
31 83
33 56
21 89
24 33
36 78
12 61
19 95
2 55
41 72
17 54
82 94
24 85
64 93
23 28
48 70
66 69
14 77
5 37
1 12
60 69
29 68
38 47
44 79
53 95
49 85
88 92
66 74
35 90
22 40
51 68
37 57
11 15
13 22
52 94
16 39
14 26
19 43
76 81
29 94
58 81
29 69
28 87
15 97
13 86
13 95
43 71
7 31
24 67
54 84
21 23
3 80
30 67
4 79
53 98
76 77
57 75
38 82
27 38
9 35
54 57
9 86
3 100
54 69
10 13
87 96
21 52
19 51
45 52
29 56
12 75
6 20
33 42
62 70
25 40
1 61
62 76
4 62
59 99
32 39
37 69
19 36
15 25
15 25
45 93
33 70
4 42
32 33
67 70
4 51
11 60
26 45
27 76
11 66
41 76
48 81
23 24
28 72
14 43
28 44
15 92
62 92
17 35
42 60
58 99
20 44
32 60
