2582634
143531076
203551445
385478539
929252665
6810985
456733173
837918280
255137993
502421930
226536937
693181397
157352546
194089433
924453961
56286567
473412973
605581678
686646122
206478154
942570688
564784531
397672595
699545803
922707937
771240592
305582512
448397801
855005298
260925623
625415074
734217248
687462934
556259084
359134382
127879145
450169025
56524145
171672913
876837607
916773367
742349163
502850255
904930663
407570540
698140407
228834032
41858811
643671715
1
670788793
173774882
697418860
441796881
150797140
636467268
128671947
3318896
297702635
264531099
146634555
463056973
4128043
335303440
575277823
193146612
864236092
473352181
236142845
229603765
841812130
137454517
576175850
926379859
389495928
59659515
760233653
235178725
898001798
756056197
265580528
563034488
464364409
983391495
522597201
311050600
284923206
355224235
562888280
613666313
873262353
473513563
678192251
954345800
69387964
491814640
487488229
681056192
488697713
236281771
869068869
920753739
958342969
143703407
502521027
93459305
753990156
52645039
644327267
422521666
348164240
5905568
569462375
322689267
942405863
447667089
705413900
57488123
529484594
589371859
513550535
714510798
928996275
749603407
314350767
535503487
27287658
534323877
543788818
977432609
343108113
786359071
828650245
644429287
4364108
754222141
46033356
19015126
778647171
824177506
479222650
793981167
906216441
121984839
589049670
411400909
396724767
219243489
43371589
483181047
970240932
486144264
890440169
920806215
182122632
820076136
237254670
468794388
238928293
426746641
768283821
567614309
943566689
640699002
386308176
690012316
152832446
444951955
771518938
539631867
297371910
373287158
147005666
639527187
609127351
986582849
584168328
851804508
577197720
313409045
17541507
958308805
17191489
255365847
97883449
706675735
783246917
396297662
407446449
279381004
541400430
85684423
677431782
392172902
527494735
726154275
123019126
73844543
54594780
485464364
840869816
381345028
451881844
584018338
421163882
470936790
861986146
373811947
404067268
291001403
47360435
110261566
917407066
708800560
531183222
891052990
697194628
482774457
861197434
658254989
417856267
753546295
530262177
958050901
988491390
630559290
189504681
265231957
900951431
621362855
467616260
530197220
801177947
392192485
90758422
126708617
511150393
810846165
934516834
349232471
796534483
53675106
525559813
819208586
770537812
440459139
716859565
894739986
625992502
601853537
823477948
528517346
916197159
582772556
174474574
20663853
338442802
389495842
853544696
703660307
905011417
95474440
332907814
143221753
749001381
357738570
828800173
10676282
594010498
553493622
330439435
332173014
107461142
639338740
719178580
577165571
224143711
46865698
822122638
596246595
120007750
427993738
867253509
270400102
725487398
817252683
951821517
375483411
124741581
137489801
788108812
659656303
702893959
230463583
595151162
113339992
333261220
92867692
256422057
32778689
590889242
664813919
739892771
412148010
665868292
640065375
545175343
92366942
44128557
561806281
629350965
763191623
354719644
527698713
923422914
389848022
659135888
654688412
154082136
822135994
472540671
72794989
640038315
538397742
243284215
99513403
670159232
688689617
906259491
653435911
136840720
586289311
930713551
953644249
735629892
536221293
963701536
437673730
627977670
809454723
270096876
915918924
297746899
529110367
103140468
188704082
802242523
330461276
139805088
207732502
677908865
375978286
399893035
847510352
892960038
516447383
532792676
254223598
802009138
296494597
902191692
523339461
631793898
121919456
617733420
529810828
848229716
788094214
753299491
897734837
400083493
434602812
68515559
197211776
780082437
156213938
424285926
127738977
852033049
784581224
556328714
608422383
289885368
789395316
489959062
550747712
810294525
777235179
76061496
639236754
123581232
787977811
624201592
605914310
140759147
706175205
846085553
288513538
859668989
218013835
858910758
370374210
238025482
172331299
408032393
946886197
816658185
621907876
775070386
727668951
543354489
614753905
678607901
44942430
24169960
636898120
827278839
623015053
915339621
235387506
230126417
178640469
175973777
362417566
762608427
212379277
871635839
20921834
566067172
623849613
404673021
187939854
855100256
14933387
246234951
862160035
635988505
565594836
404442408
508968986
316772301
930130930
686799014
874637822
604926865
197383120
293079249
688944956
29122373
11001341
475858661
632558892
133715751
101073131
165398039
271183616
363847606
52921689
241079708
333112361
304750126
911107356
802588069
592111265
675127467
408541485
238790961
739607317
492033903
164798359
695493717
509374028
189173905
106321511
737548614
353236392
707844295
110797961
406430502
25201162
165225347
424837671
663304291
96213118
52046966
738989423
915603387
642344062
703011720
916855842
873637985
893803878
495948837
190394457
670569219
843323878
470435174
440416197
553028018
107720814
