75 500
76131
1742
64189
93174
16644
61821
35561
3233
30725
78514
60040
79048
68701
73171
14440
28065
48690
10270
99055
65497
10443
43485
70888
88640
6863
64887
40347
62974
12309
37711
82438
97791
97296
44593
69961
76854
25589
13411
98305
32298
30613
11824
69563
92599
43639
72620
50598
40689
60896
1
65503
41264
3457
17725
95398
45363
66234
98614
37814
69429
73712
75568
50310
31085
80040
32127
86150
44551
23554
68904
55062
42110
3419
54036
24365
55243
45979
17381
59262
61716
21364
29504
96313
22084
64901
39392
92317
48244
73059
51235
44963
8933
98260
20217
51873
64329
24336
62722
31086
51934
99996
18195
61860
16678
40836
94464
44642
72435
62498
79088
3326
57364
17679
69631
11977
78124
72781
41811
24085
8299
38734
26318
5527
24045
37944
96843
34673
98571
37860
17856
54113
728
68714
5872
93631
65030
75139
83702
7174
78276
41573
7060
26061
89586
48058
7085
17243
24273
71826
71718
68034
51962
57842
24201
55281
84947
64985
48759
1121
63803
59569
23838
38278
36359
44503
22353
33111
36927
49379
51371
13853
72717
65609
78279
91635
32303
90302
6858
59075
27237
92752
47658
93462
87704
59581
39624
94201
45886
75050
38712
70150
61584
20086
76858
6426
35147
44295
34864
78834
1009
93810
55832
26829
89825
29055
97520
2774
76202
47379
10495
20074
64453
21676
57508
41715
64281
89014
76181
97445
40550
65392
61701
21269
14198
2603
67148
31447
76484
77309
88909
18345
99807
91025
34921
88078
12120
49962
1393
66899
57799
31345
27662
55047
28579
45637
41581
85977
6233
21906
98123
46725
85669
18395
95722
52888
78102
49884
25797
64105
13949
35787
58332
81013
45703
50632
4329
13923
99607
79521
55898
99732
41736
25225
18663
40789
22339
83512
45629
59073
63120
10293
78705
48495
30531
79329
64115
97556
67769
70898
2136
52597
32318
24541
49343
40644
79665
63823
89066
24523
5971
48447
71067
14547
87703
86561
65336
15740
49291
90504
26766
7117
93378
54743
47484
64188
87246
77416
45185
85703
99699
83425
49117
51066
75371
98570
7511
12484
28111
68608
63402
17491
34008
10957
72343
63544
96598
26746
56101
28289
82308
54898
44204
20364
41887
29589
66562
66223
7252
64697
16997
99657
65397
32391
15037
40015
3218
36406
47099
42599
32254
97845
17560
24250
12827
14132
36840
43943
24093
80256
60633
33379
2611
55483
14884
26471
41409
70351
52184
12788
34788
59936
70093
77005
83804
83731
99227
93471
55239
1549
69217
47034
11780
71244
79249
56388
14181
43821
63059
36162
25801
24746
36221
80672
12815
73494
44965
51207
37321
41434
91667
74945
70924
9098
78170
69937
33220
98332
99943
63202
23671
75025
30855
34023
12688
98492
56554
72136
12499
63759
43566
44915
47517
35505
50847
38965
65308
75929
99637
21281
98786
95613
49257
52596
99285
62053
69730
48901
19423
33450
23431
12266
40024
7498
69313
90326
66946
61055
89571
88139
84628
2836
50688
42729
80897
43257
41136
530
88287
70008
42992
79109
74955
57125
45750
55147
27137
32241
38911
4228
51389
41479
42553
81618
49073
65883
94978
68223
97926
9209
86929
57251
87683
76217
29524
87424
9497
84830
10789
34190
25873
