623730012
379841537
160364585
676869857
233277528
85728167
153478207
212337185
379836134
578555958
975471180
514115854
433114068
624797270
448097770
101521863
727583652
420500658
938893456
45228002
468520710
221154925
888078515
926052733
834363591
199198792
464851172
411774869
395032201
784320135
884134420
798366703
248828006
154690692
123371217
201253271
729217029
42055419
787445948
203536908
164647024
685218435
749868234
548822916
948011662
191019194
950318482
273127767
631626753
213217804
144327824
15233373
650162252
366285581
60442290
69666551
540229492
988704824
657375492
760291905
498981948
706347276
639472560
553073147
259397251
32103822
297347010
925279804
199133620
952502422
692083981
29191837
982653627
267039061
510479398
563877081
221149637
842342093
412921421
919578845
767108743
2401220
470781644
354381843
411332836
880670239
762766172
455802087
607856696
214711198
38247825
3172571
570270238
893324414
775987971
266647895
278927314
310560086
308683523
613874930
908073310
526176296
289189139
46732255
940326522
710571159
717636710
322531012
699656062
179162100
384942046
813677719
545113428
928132204
857854288
466050764
437390214
49526231
715049767
477399625
484315454
176107886
331860381
426084224
597493802
59840327
96018761
6165626
76413246
852485317
980867469
91220386
555324199
317365258
300960561
335011882
44824046
83292025
998752238
980304664
14753223
251382860
768179009
625245455
681246997
766777289
858470892
467618087
165878515
22404163
186434818
786123719
283927993
362885112
164065352
340635615
302730309
624846566
496818042
696674537
304579080
500753906
262887600
717101255
543987519
91004192
109822775
294726197
121892168
776600406
662160748
276869150
438245003
871257529
407370129
737758214
357083516
377834342
446277175
188713052
392162909
707948070
211453372
958401204
355429142
44244070
162700423
543141074
183451678
887396158
915168333
56376273
570344976
352798968
493591216
147313095
831639713
563987307
811250719
734090308
912893572
459893145
294174805
815401204
9349150
842902326
486371076
234483832
144799513
294564714
313821799
88802078
463320223
140474194
759536121
299676715
804814443
74850902
988640064
280520772
769932139
526475252
235330373
679809673
567920458
137046115
560559875
61269333
587967571
767211044
599312914
779495127
169140414
934954935
693815536
118867255
942786884
152728580
77887337
195827389
489873617
795454467
92231543
894304294
952407817
559693955
221899884
507179570
678657792
424333064
274075359
252767821
606758295
174317317
121875699
214195194
313619892
208314136
570465872
636073642
654195072
178764687
462991823
422435039
421217570
420673551
206487762
446262812
632829757
147487938
131239640
570749728
762030325
33636772
326208371
155593324
827709627
749583714
716989169
250052032
158349309
722204048
301583714
147129503
733869480
863689832
718685783
884631977
92286178
620209242
167893117
4078865
528573416
809719888
484441167
818263119
502073525
232911372
948207745
649839303
30358890
607497380
147976882
90735137
821529654
201480745
703569837
120827079
438424597
706157532
994925201
172875486
597826180
778157437
463424928
47808555
458377966
909800584
378671831
474932263
26018485
601464853
473819753
947957678
234209096
528975037
661664418
585946241
844360960
195758475
958257263
444664773
212914316
492474160
86951865
322844061
343874628
298913794
78333903
320276985
9189778
374757523
671214313
680038853
655259159
432930705
640616193
141095725
618458992
815772559
575061198
341180299
56482476
635039530
542803586
372238557
235163867
864415605
588491560
411684561
302275466
733065529
160753910
578492407
662461470
728045925
349351741
402631917
851347255
849696734
65059024
297938832
899886003
846487055
198527354
131704882
709785636
686000767
794951061
864155285
296060270
637021370
131385046
126775250
725381039
4455730
442198590
766630815
575664061
41511293
759651835
35634360
919304631
557498489
684621765
156384690
87463251
976122822
913748701
273317244
233054376
486079490
99465864
121074839
712196179
160752882
583930551
364447288
261835616
179004006
786596346
23859124
766259864
895846608
551103817
391123893
707780307
104131458
761253511
776942499
982845983
483120227
426054606
961883814
14224121
459579970
953390769
646451150
505189572
319036060
361996357
946351881
822343003
394037774
164869475
501058345
589836123
397822299
190255564
676639400
302805314
965027176
692577008
656060082
181877223
511065444
248247909
180591149
592721486
450779419
109993438
890023036
328269036
733479792
760597662
875582590
454391803
737176747
716925508
615916674
740821071
131787607
409580587
359761755
259413669
388286402
915890630
391546938
855014848
33290247
622773874
290594461
566935124
22639285
902008148
62166051
171635350
316625989
90401197
804465283
483288481
739980732
131401559
580100127
641069130
600665842
691341472
295650543
561811645
95077284
466898649
986848116
804643677
86740310
921054850
307193025
125932036
7350356
966152473
411585895
