35 500
294331834
423319294
162753572
74190232
523704503
29091433
965618181
578545690
867768736
841246296
132051465
185780438
680812262
682336984
798976346
696370870
905128987
435944252
23967488
732639954
346567163
765353217
222784487
416479892
954842621
570340890
929811232
209258858
70062756
87703318
884182088
781261154
494582292
518293337
741925282
943887089
683978115
423145056
223999015
147338709
681801928
484891396
651707921
937307768
2804238
195987873
426752098
814308299
387712292
66215993
892387749
140744581
576221998
694911467
325099524
535046407
264173506
738555882
448027280
749595691
570400832
812000223
55297903
31405183
123971162
155464097
219797654
285984515
107029961
16409281
654446618
655488537
110867619
435202550
888556929
872121749
76792200
999373164
926098355
8031564
912095793
210275292
900845864
255959090
469214713
458372495
990785499
726326114
951964767
190892039
911104580
924189396
175492129
930686608
372502004
745358202
348538855
557765562
443244672
744833368
35281553
776858351
901175908
181644324
516996160
105922740
473267035
640396362
117296953
89203412
992852908
296541205
148133685
457034675
986300822
298810563
46202044
118708612
490394848
697629311
588352253
914522732
624193684
575024287
297261564
203825830
802594946
49780586
868527567
856728235
565549855
392241124
908841658
500322033
244084577
850178741
135073468
831730497
774370123
206517233
388982297
136975856
427297648
28449980
477329797
895662775
399088126
400485755
5837239
355874069
581544485
77518927
114215617
105229022
138053702
591829844
245592816
956283440
441838601
479091811
502703126
51311803
324141300
555658210
354493513
204794856
31695828
828510789
392251240
697229592
693904179
5174859
417298071
855820843
796748809
778592316
956192701
45853656
821097801
531970812
328539581
841182228
10934597
311548461
632816271
837302962
283971462
613804203
705164627
541641522
147040024
433772258
195700518
968052116
360577956
830548732
759036994
25885061
402800751
56153351
344933506
292077076
647945721
913579022
106859516
267663216
343736178
313512934
325202536
690024148
280078193
264222546
254668836
848210514
7564625
65350367
960712571
98703704
500153219
993726660
560206770
35414225
818823531
54898826
577950375
736322297
487988400
279663880
469231901
86596690
403095978
437989572
364051584
946604353
929393582
958385923
201049506
908255571
403425167
830685772
114618581
729977869
353003247
464019334
878594374
818518725
771801028
185974981
837962138
375477086
537913074
405178847
334730877
517304131
811878390
709235923
814443477
44146275
378355394
209764245
861654912
999023790
20186208
907749945
891070092
654402500
748303342
386885556
877736810
282382173
97934694
480248114
88684273
125260241
107068811
189354451
198756879
208076236
349144227
978380699
194526393
684977048
761836303
944789950
138070255
880264697
186000947
209447052
520033715
477360772
393563499
100006661
102103593
996621113
197581083
981302671
624986557
375307657
987978265
976189983
590908501
592333316
578029431
112753487
8532167
391832536
248692386
167203069
403737231
50861384
341322673
155708998
249058543
926869180
234622345
528019547
12081592
979439104
779178596
208684379
12118744
414338950
999737531
193836326
479221725
916396168
824549202
446441392
827666360
643019313
942057639
147216838
175887294
332097170
953564082
882236555
98368577
214653560
330316537
721881596
77339916
24392599
602530812
212110901
590692986
515631427
774275916
890437394
862513039
340494488
811140438
986250618
469806925
592880737
414118002
277649745
238621186
951622883
369353471
302024720
157581356
319542566
725555835
58424607
565667614
164845451
12235820
442675302
585705934
544850501
198804127
995679158
457747619
461158589
54946681
22816499
226094969
746291403
672427375
887841307
286016833
200090122
353713663
331346094
346955635
6452379
612295769
260219829
436711574
696836458
618091687
323576010
196752201
123874406
281194313
206523048
764892781
246569741
980167704
832760217
662291866
654891587
271637500
430350586
782196384
917592288
881695579
752522343
179915593
790217456
938064848
99992604
77582715
181592593
129440351
433680767
482610722
380314727
305203624
97461327
245136544
330427976
882739604
926813210
752240937
206248100
784802283
398480647
310469614
676998968
432721539
538404148
826852166
156887812
79903154
697925264
814410752
224295213
11671640
394634132
438970234
820888691
564713676
618526121
799355000
453673849
577372754
181913416
243320154
641829885
406812811
794569439
688344328
13237239
788682155
567742539
656099973
188223031
949809488
787305947
209250061
158961975
554946323
306800112
13589002
146066255
785468091
596416506
572666043
23425455
258447550
895260775
695600176
946327382
640468364
306003566
821826501
844229709
220133402
547930869
567614589
956013811
471857525
766859166
752832471
44610465
131744447
302658011
179866681
133073584
387011149
690125129
901359768
763414439
344549995
151953209
652298226
893601089
374727697
134083374
