50
868 754 780 358 395 441
906 399 426 269 286 308
67 972 43 669 43 898
102 94 88 39 27 86
790 708 586 258 322 85
937 748 100 459 29 485
840 456 439 332 328 288
776 594 546 103 692 382
433 293 207 96 328 36
198 829 39 154 98 732
741 272 203 196 178 140
920 445 341 169 429 249
140 156 85 111 71 34
128 936 60 64 85 35
273 89 167 82 176 9
516 46 292 32 98 38
140 714 76 680 44 58
222 460 113 10 131 384
523 844 481 88 383 368
668 235 529 215 309 137
699 67 70 43 664 27
128 369 92 269 11 39
649 967 484 377 269 863
183 549 30 15 9 402
38 233 26 209 34 181
35 708 9 35 14 645
44 633 37 115 37 368
923 825 102 450 597 121
20 161 16 123 6 62
304 439 209 183 35 75
545 984 542 29 101 340
297 871 129 743 123 745
677 818 261 218 234 18
886 878 541 702 393 484
33 773 24 224 24 384
773 374 585 348 428 101
135 12 7 6 120 4
186 634 117 69 148 411
522 118 208 37 62 111
505 12 435 2 226 0
65 758 60 483 63 741
620 433 481 126 425 144
362 963 217 207 27 504
682 146 116 83 426 114
515 942 233 670 3 445
300 627 56 197 224 351
905 73 733 55 870 32
752 717 520 609 638 387
980 4 226 2 916 3
896 294 610 191 173 289
