5 17 5 20 13 2
4 9 12 18 4
5 16 8 19 17 20
5 14 18 9 10 12
5 15 19 14 7 20
4 16 12 11 3
4 16 15 18 8
6 10 3 11 2 20 1
5 37766 63178 82558 47371 36841
3 67330 3917 21470
6 58723 36792 96384 66211 62899 85235
5 98267 66219 95448 66152 6575
5 29807 7443 36187 29952 46304
5 71836 9691 87465 52422 40289
3 98333 14132 24783
3 44124 95517 80800
5 12443 58136 17182 40669 99441
5 68867 16934 27887 38880 14591
6 84049 92527 64224 5432 48924 25326
7 6349 26237 53097 60419 18081 34139 49925
4 68286 45756 29435 94324
5 77292 56125 77261 85399 5757
5 53947 12368 70300 49039 5958
4 29552 44340 1506 14247
5 68258 80073 34888 9348 19308
5 87606 6518 83122 37221 66882
6 43561 63130 4053 47266 30985 75708
7 17904 84571 83603 95369 8382 21543 57918
5 73359 14028 99124 14211 76991
4 70310 16249 43794 65765
4 42789 60704 67271 59408
5 56114 72102 25612 96509 97454
5 3572 19355 91727 54315 62289
3 18620 7769 36051
7 74358 6844 11019 38315 69609 41350 84889
4 42351 92797 14086 26907
5 89044 70524 40711 39316 56196
6 7969 18106 99809 61854 51655 35347
5 46943 8160 27836 86042 59449
3 22923 90230 24723
