2 1000 2000 2000
1 598
598 716
598 535
598 2
1 480
716 849
849 80
535 536
536 660
536 118
118 965
1 342
598 608
660 404
80 597
535 488
488 153
80 8
849 478
849 889
404 764
889 723
404 170
488 952
849 109
608 7
535 451
7 258
258 285
342 89
7 614
342 68
342 276
118 529
535 62
68 962
660 643
643 371
371 835
835 9
118 661
9 977
276 466
371 116
7 374
835 799
371 113
2 890
404 177
89 209
889 555
62 292
177 888
89 864
7 133
977 226
226 194
716 441
292 430
536 600
962 695
952 386
952 486
478 806
799 79
7 107
977 846
478 41
342 923
799 571
374 99
116 317
962 389
68 801
89 157
113 138
68 659
374 818
113 637
835 23
889 224
79 831
68 736
818 290
118 576
133 572
661 713
224 345
451 822
597 164
404 191
723 994
466 559
133 84
224 966
258 515
806 929
806 804
153 462
598 372
290 434
890 897
764 678
224 358
480 602
965 682
1 886
89 833
480 198
404 752
2 289
290 483
659 620
660 346
133 210
9 477
660 954
804 735
451 704
572 688
138 60
164 32
133 165
529 193
929 892
107 390
661 631
977 770
849 664
342 493
478 903
822 718
929 353
466 876
276 313
602 710
289 668
32 167
372 206
346 187
107 828
576 811
688 161
133 591
555 740
466 755
643 485
903 526
600 842
493 819
430 931
835 655
258 201
801 577
486 180
434 294
201 909
201 248
678 268
89 423
371 528
180 85
664 12
846 172
529 666
764 154
713 474
831 885
153 135
801 125
2 969
285 635
888 105
374 894
954 182
206 95
678 525
12 932
716 915
602 750
735 987
678 825
526 442
451 195
954 397
695 522
811 556
892 504
688 42
660 427
289 537
804 589
987 173
224 385
637 414
631 310
864 908
397 163
931 239
864 677
358 644
631 18
635 352
555 793
735 75
258 357
374 972
109 745
962 940
849 149
290 232
210 400
644 926
608 200
290 367
165 97
842 927
95 217
107 139
116 583
885 632
668 456
451 725
892 155
466 231
32 916
688 28
423 790
456 254
661 653
488 339
451 639
682 197
345 810
903 800
819 814
735 72
442 596
591 403
116 857
200 782
231 508
735 61
668 902
442 293
589 242
290 359
478 464
952 288
614 875
109 543
97 797
68 375
276 394
163 982
109 73
639 260
285 862
666 551
456 759
889 435
704 169
404 674
526 162
952 871
819 569
23 392
198 873
932 625
313 142
535 727
397 265
713 247
359 578
139 788
375 595
903 907
801 692
600 701
932 958
591 432
432 941
572 117
367 582
197 771
427 458
432 106
18 360
632 344
135 531
828 492
966 181
801 767
169 546
508 900
828 92
668 178
886 388
653 663
194 296
801 939
897 741
435 176
664 720
79 365
745 334
458 601
741 855
157 287
169 709
109 379
755 821
927 711
764 343
360 86
907 938
285 989
994 369
982 641
952 712
536 179
908 380
923 112
353 100
155 349
842 769
248 527
864 511
977 542
89 115
972 63
180 363
855 398
660 565
32 991
389 303
927 592
653 970
260 78
289 36
435 140
977 787
105 76
359 479
849 274
162 638
931 251
559 901
638 395
92 705
63 566
195 979
966 57
133 204
716 361
63 457
782 513
752 43
78 955
769 812
583 148
169 533
533 809
427 510
644 521
565 54
60 158
62 270
938 51
154 524
929 77
578 6
939 626
92 838
394 373
626 111
106 585
28 731
209 530
727 40
608 650
294 34
750 777
720 520
528 506
522 47
457 275
353 919
718 943
466 55
172 152
886 129
941 707
585 746
115 640
888 694
710 315
195 347
666 672
745 128
755 829
92 309
585 48
388 396
251 93
360 354
172 636
842 272
157 690
99 763
572 214
79 91
187 137
746 671
835 108
358 56
770 729
954 21
755 657
232 761
239 141
178 387
385 38
36 910
141 364
886 31
551 859
364 11
56 865
397 547
855 570
380 362
559 898
226 942
430 27
292 978
831 82
164 719
21 501
27 980
825 255
80 237
486 94
107 702
21 953
962 554
614 114
237 469
397 850
536 70
511 743
701 558
232 415
938 122
850 564
354 891
643 858
400 243
641 49
804 499
388 656
60 482
51 132
242 171
48 131
635 83
122 263
9 104
99 786
671 813
736 681
797 355
929 747
486 273
172 544
492 685
274 446
70 753
84 883
158 59
589 998
28 419
528 452
415 878
434 947
725 407
537 623
508 223
464 314
782 899
695 658
819 517
380 739
644 102
155 545
83 291
657 976
290 205
349 212
178 935
672 765
93 986
965 267
663 868
517 590
109 166
729 234
105 906
95 321
133 647
131 686
525 185
9 189
173 509
209 476
62 912
200 331
982 756
442 538
614 366
287 65
969 45
819 798
291 145
800 624
137 121
811 580
910 887
163 497
349 472
247 860
859 218
464 905
908 610
710 445
777 541
200 348
906 557
982 236
536 50
138 284
625 151
682 548
543 774
799 253
380 74
878 914
740 220
373 992
745 805
542 518
558 983
889 301
243 420
201 433
637 393
349 35
865 25
809 471
169 421
625 216
154 246
109 627
362 230
112 963
533 183
347 450
923 748
661 15
364 995
342 893
983 560
906 604
565 256
831 550
914 337
258 103
919 283
8 338
49 356
661 299
631 168
122 990
770 405
285 33
932 870
902 574
725 447
560 611
111 997
117 880
25 670
423 491
122 703
139 484
73 448
430 495
198 534
226 784
442 175
50 676
270 561
550 127
989 325
857 581
260 10
501 225
709 613
355 933
142 207
226 993
118 642
427 532
864 5
479 13
739 726
871 14
187 734
941 124
40 628
314 300
216 884
955 340
334 957
434 758
77 732
529 837
60 332
614 573
883 240
596 984
469 594
177 696
726 633
361 779
404 562
76 815
451 257
314 399
735 335
477 512
191 88
532 553
13 948
710 71
301 444
862 708
479 286
553 839
464 629
764 130
994 422
477 277
273 208
303 539
149 502
291 618
739 830
54 913
898 630
990 649
557 621
739 413
187 192
720 507
726 470
522 937
777 455
623 552
554 463
21 16
104 44
712 742
771 341
251 199
811 869
550 593
806 322
620 306
532 766
457 807
276 428
712 311
421 697
109 473
91 219
343 278
387 213
162 918
758 840
421 648
352 19
199 490
82 698
761 245
937 505
592 851
596 568
334 3
309 514
704 928
690 917
40 174
752 924
12 609
138 376
517 605
175 796
576 190
570 981
353 459
625 853
566 298
962 37
888 98
371 144
909 215
112 973
926 588
163 439
155 724
931 500
839 519
916 823
653 654
355 368
360 967
365 856
842 854
583 282
723 408
413 848
442 429
694 227
777 308
804 391
829 843
478 834
632 53
550 235
74 586
246 946
217 744
655 816
656 540
609 26
631 453
508 863
626 680
926 370
696 683
903 401
362 489
176 936
548 233
720 760
195 39
993 606
245 326
165 780
562 944
583 69
929 418
894 959
650 188
198 775
180 64
137 378
605 87
891 24
702 461
85 304
372 783
366 523
568 516
226 269
361 280
47 584
414 460
923 96
41 715
958 950
18 920
707 146
44 494
357 186
7 737
155 934
537 836
337 896
127 101
906 327
920 861
643 960
896 440
942 316
388 700
972 651
998 244
736 336
550 881
965 52
606 867
700 999
401 599
248 652
621 384
842 549
736 416
565 844
199 824
816 424
236 160
686 449
483 29
384 150
40 749
624 4
485 961
441 728
52 481
853 768
29 319
497 262
93 665
833 754
240 820
648 120
931 616
289 634
224 323
917 925
448 587
62 443
708 196
697 320
294 667
52 826
595 792
625 733
813 307
760 776
23 721
829 841
526 498
562 563
480 866
246 706
55 945
759 211
523 438
432 437
162 351
306 778
240 402
661 882
605 714
716 330
502 803
618 722
109 20
882 475
704 808
245 612
187 996
848 318
509 238
132 46
863 985
198 454
449 328
937 817
21 266
231 679
756 730
515 228
513 622
219 791
939 431
723 964
4 119
929 110
247 305
714 684
408 874
167 689
73 261
139 295
469 607
110 81
189 123
998 279
808 465
148 762
856 406
406 467
118 249
21 333
860 845
750 503
153 693
20 751
524 383
127 974
703 496
398 382
332 126
163 717
338 872
356 988
508 425
246 281
93 410
434 202
707 789
704 436
886 879
273 827
791 615
766 184
753 968
428 381
992 646
963 426
112 411
665 691
239 669
999 17
698 1000
884 302
885 22
809 904
857 350
54 58
902 67
559 329
470 911
52 468
507 619
414 971
345 412
360 229
641 136
694 699
28 832
619 66
908 143
516 738
859 241
595 417
136 377
758 264
823 156
415 687
86 662
450 895
918 795
342 134
113 90
627 645
674 877
521 675
181 794
826 852
499 951
534 487
524 147
925 617
163 259
218 956
774 921
541 203
939 773
708 252
605 847
788 159
314 312
853 603
74 409
62 250
115 673
35 222
61 567
274 579
523 802
104 271
754 221
217 975
20 324
522 922
272 781
849 949
478 575
265 757
361 772
551 785
770 930
304 30
141 297
782 59
614 885
233 461
750 213
821 816
13 698
942 429
814 436
7 979
376 327
441 854
21 624
559 552
88 120
926 272
716 152
223 184
218 960
289 809
41 655
275 707
154 181
348 384
216 416
244 922
34 3
482 314
451 566
519 733
61 376
750 312
63 11
236 896
766 439
274 826
140 778
253 928
572 843
894 930
163 97
730 693
289 46
177 25
899 437
844 971
560 422
475 222
972 34
485 131
18 995
932 563
148 300
931 914
803 295
978 417
8 84
502 382
962 895
300 411
565 481
786 336
59 219
511 306
337 534
164 91
543 904
462 420
690 159
242 794
45 337
506 419
74 837
181 376
497 670
211 475
979 869
124 463
810 981
288 511
578 3
976 235
82 49
641 622
79 875
95 28
71 708
163 305
664 202
668 180
565 395
906 532
423 98
931 444
692 702
76 168
169 350
581 512
456 181
905 29
442 878
137 481
750 949
989 853
577 686
240 52
457 756
472 593
57 992
786 281
518 516
725 999
490 431
559 412
636 120
98 967
389 42
342 607
958 527
442 407
480 516
531 714
736 418
789 691
848 836
375 958
920 563
502 264
362 951
260 956
577 830
863 126
557 642
387 633
462 894
456 213
576 202
825 522
360 590
840 324
761 617
546 557
355 722
650 25
916 338
157 32
289 861
956 922
695 453
848 985
180 548
596 856
459 410
767 762
644 115
977 318
811 522
729 878
310 769
341 322
44 144
434 370
163 47
111 50
559 55
862 605
508 935
729 491
31 802
551 714
79 612
800 181
62 453
952 63
657 616
720 877
595 130
68 142
53 896
511 550
467 895
946 378
753 233
157 305
335 848
76 521
138 579
299 670
576 111
397 468
469 286
289 654
463 651
753 454
367 565
210 295
886 947
691 619
823 949
34 563
357 934
602 705
9 305
918 848
273 798
428 146
823 160
361 336
775 974
376 728
358 772
293 468
248 473
688 74
379 905
828 873
499 306
623 880
902 785
413 431
592 675
965 733
113 233
341 24
502 911
205 333
435 912
538 606
366 836
625 765
39 437
716 897
12 621
474 377
162 696
790 256
631 624
865 995
850 733
342 656
334 305
246 306
365 604
169 83
713 624
965 628
92 244
954 959
404 685
630 498
135 957
175 951
565 450
192 568
520 273
458 48
185 123
171 724
36 428
201 182
682 850
551 378
966 165
445 249
308 733
970 521
339 473
42 320
497 431
989 606
332 487
966 198
725 650
223 25
892 75
70 605
909 219
60 748
620 433
613 616
447 826
22 67
89 337
466 197
375 893
657 765
371 337
49 912
72 227
75 717
405 985
265 373
371 796
576 43
729 651
674 798
247 328
720 645
994 832
555 545
576 682
857 687
900 746
140 968
966 943
623 433
718 960
695 431
427 303
811 71
966 848
390 247
592 196
483 948
37 438
435 554
131 13
500 730
740 492
152 453
246 584
379 702
924 737
833 842
739 472
7 758
68 354
755 402
76 58
588 754
977 63
507 311
396 110
104 557
660 685
56 774
984 523
299 126
816 381
703 630
359 924
881 147
637 263
84 538
60 740
11 145
950 487
913 428
387 497
489 406
195 331
631 790
452 957
569 96
148 754
887 762
9 349
267 307
93 382
395 383
627 706
224 709
952 108
172 244
21 229
688 127
994 540
929 574
125 722
884 758
591 712
688 862
440 549
23 949
523 904
101 961
22 922
12 329
24 440
325 760
867 150
682 619
907 311
100 461
230 368
764 869
831 767
760 783
542 634
242 588
720 321
400 562
462 463
158 484
934 81
371 148
537 461
793 863
563 738
839 17
116 819
831 966
898 743
892 780
10 724
242 396
884 262
472 523
770 599
205 159
883 419
965 575
425 904
93 847
29 323
892 679
71 222
888 103
965 386
214 71
910 517
479 10
585 911
342 617
811 426
596 450
378 96
569 815
117 511
938 369
976 610
910 205
106 112
353 121
734 609
309 853
492 152
93 840
480 936
534 304
583 593
303 428
459 336
625 758
220 816
265 557
990 594
149 844
637 969
901 230
976 960
682 280
373 415
611 634
536 415
548 946
927 958
464 623
363 574
953 685
756 879
983 795
191 994
397 981
317 738
876 914
937 648
929 17
175 487
818 365
35 951
239 980
809 412
62 356
180 708
153 489
735 105
345 322
628 964
304 975
519 700
508 795
938 795
423 698
198 992
740 92
359 618
713 492
989 541
155 347
912 246
600 195
117 989
501 143
415 917
788 448
499 273
116 450
237 834
18 405
666 588
435 544
51 262
620 727
917 312
818 165
898 628
257 803
344 364
538 146
599 202
901 973
128 959
455 749
341 22
643 245
171 321
870 784
798 269
569 395
23 156
660 40
605 751
497 259
752 990
636 443
940 445
741 980
982 709
279 575
819 398
505 280
643 777
812 697
548 256
213 874
332 96
346 803
272 4
28 222
165 395
788 518
811 288
331 519
25 946
310 573
747 974
283 465
710 675
559 169
471 673
290 902
262 922
810 376
645 617
309 38
373 963
741 519
536 446
161 205
825 773
818 503
919 401
369 463
678 693
742 675
322 768
763 856
445 776
94 399
513 919
600 669
139 482
129 998
902 422
620 18
149 127
555 130
745 121
692 540
571 351
107 493
334 487
139 792
656 911
9 904
892 101
655 759
63 214
902 540
884 46
983 39
565 212
121 815
905 839
647 621
42 738
861 794
750 697
597 842
777 996
583 227
558 261
533 126
758 844
227 749
161 501
554 990
745 468
535 728
132 453
682 174
506 87
209 261
64 844
41 517
61 467
908 830
959 431
870 726
321 491
705 362
307 203
656 866
415 896
765 267
989 502
11 553
620 702
919 691
321 298
429 411
554 284
291 156
486 741
707 264
166 732
281 956
511 468
322 264
812 437
565 355
835 880
171 449
770 769
635 751
861 350
571 273
445 437
857 574
310 28
723 976
79 557
404 266
97 990
566 930
254 192
405 944
970 905
966 813
859 730
237 791
602 570
842 587
527 944
768 425
496 772
722 468
294 92
960 874
629 123
246 776
638 503
850 298
77 166
161 202
798 766
344 220
568 946
746 872
678 702
116 414
504 596
593 229
323 730
51 14
224 313
480 201
186 29
77 340
928 190
248 124
574 438
237 267
201 316
161 25
70 798
933 411
363 234
660 417
231 978
731 944
334 186
390 595
534 5
168 207
526 219
421 593
790 318
582 238
674 325
81 382
890 829
539 429
572 825
8 717
704 55
143 377
783 617
805 15
591 201
264 662
821 144
765 662
741 443
685 807
736 857
458 786
590 820
113 172
658 751
177 623
656 629
84 787
527 199
146 465
345 547
909 366
340 233
650 415
580 384
315 834
47 15
210 995
390 632
432 460
272 824
119 425
820 454
135 487
966 712
307 279
442 558
163 476
865 144
643 697
770 151
93 826
597 614
371 28
265 779
899 301
719 473
479 219
983 312
84 795
258 492
226 585
955 763
194 333
731 794
894 980
801 603
671 14
929 330
375 507
788 942
427 497
876 171
361 262
937 854
882 126
889 771
23 613
153 171
493 669
243 491
432 832
666 398
899 168
251 391
723 814
892 39
931 410
285 341
379 90
158 779
536 905
838 49
640 428
423 450
653 151
697 26
469 646
146 250
65 823
25 921
386 318
569 56
38 299
414 121
661 467
530 45
163 722
139 699
885 738
804 642
643 677
381 259
860 772
797 999
890 949
831 296
632 438
660 555
804 712
993 384
542 413
814 299
660 897
793 912
889 635
806 485
602 273
8 651
182 960
232 935
916 16
434 217
561 854
576 628
720 101
220 439
977 605
434 707
423 160
113 42
894 601
240 981
631 787
210 260
32 124
600 855
102 733
826 305
594 974
479 562
374 34
591 581
637 163
469 74
207 377
666 580
650 320
583 518
884 463
812 338
7 773
292 735
511 26
185 383
339 773
432 633
491 440
663 672
335 523
95 179
157 432
230 676
735 148
353 589
275 934
248 900
217 509
745 809
130 467
682 94
400 826
80 937
712 839
28 511
524 980
434 958
517 424
780 820
915 624
18 271
349 450
253 467
650 561
128 110
433 39
818 632
889 412
299 378
919 850
446 459
933 617
292 469
555 252
38 834
100 895
502 440
210 339
374 358
60 25
736 301
63 221
95 808
840 383
192 454
380 3
978 87
681 509
117 544
28 382
714 279
637 759
293 208
735 594
571 521
60 842
876 785
55 114
593 222
32 87
135 928
788 865
604 968
970 57
77 947
774 279
547 974
247 132
788 662
509 487
121 98
842 244
583 730
477 35
287 101
950 599
595 333
919 717
926 10
415 621
702 282
128 273
755 726
835 887
711 699
272 872
674 707
197 507
643 578
218 675
580 448
525 787
163 340
655 627
902 636
972 92
430 798
339 938
403 996
1000 675
354 422
559 261
903 961
843 714
323 382
243 652
227 481
276 175
507 336
245 934
446 623
693 645
467 645
198 980
497 186
86 13
352 531
769 607
881 817
204 340
61 758
631 143
154 639
89 69
674 243
760 996
389 146
535 392
821 816
769 26
133 210
342 607
74 837
690 159
522 120
849 478
1 156
536 104
643 477
598 663
1 572
700 999
1 80
480 208
1 908
342 142
598 758
199 431
598 148
488 957
660 177
659 820
1 754
535 457
536 393
536 793
565 355
849 237
68 830
1 559
1 133
558 983
598 170
535 566
643 632
466 546
535 488
535 655
535 220
678 525
342 920
1 778
62 839
1 474
661 573
1 562
1 943
508 795
716 800
380 951
1 384
819 798
342 539
1 433
342 338
276 992
62 758
432 279
819 382
718 943
375 645
835 770
598 177
818 483
1 35
536 243
466 329
68 377
598 943
7 390
276 175
1 741
835 993
342 595
608 926
116 317
342 774
113 482
1 827
358 926
342 465
1 172
342 460
1 550
1 661
660 982
279 575
342 338
750 541
2 205
480 198
247 860
276 231
842 781
1 755
62 987
908 143
456 728
889 435
112 973
668 497
342 739
536 764
659 778
952 871
777 308
181 376
1 387
1 230
276 313
660 752
660 452
342 792
595 895
750 213
1 772
735 717
62 706
660 414
89 98
68 722
894 959
375 202
1 68
342 437
142 207
7 926
598 742
380 230
598 407
1 782
535 928
849 932
535 799
1 526
559 552
722 468
480 516
1 171
598 457
89 119
276 557
1 947
1 668
716 884
598 243
1 488
303 146
1 468
89 222
62 239
1 356
342 690
535 894
493 569
1 554
576 564
1 815
535 317
1 916
488 457
806 929
608 644
342 112
608 258
962 648
620 282
929 77
535 404
1 900
342 1000
833 851
598 882
598 666
276 313
891 440
989 502
107 390
1 572
801 680
598 27
1 684
292 495
535 653
466 642
598 186
1 708
550 881
1 55
801 686
342 439
716 543
1 353
849 998
276 223
86 662
661 624
1 145
478 903
451 188
89 476
924 737
1 468
289 29
1 825
536 660
466 197
660 212
602 708
224 810
660 578
432 575
1 754
2 890
342 114
598 578
920 738
608 117
223 96
342 259
342 287
508 900
2 668
363 234
876 171
423 790
1 371
89 16
1 715
598 838
536 482
716 302
659 461
89 586
276 901
536 799
1 68
598 965
342 467
432 671
371 138
1 309
598 158
910 205
68 776
289 178
157 690
608 899
404 191
187 734
931 239
342 616
480 652
415 878
598 667
1 143
1 190
536 185
430 141
394 646
456 192
716 166
239 141
68 463
342 908
404 696
68 620
535 43
598 46
536 253
1 849
533 412
897 17
13 675
342 914
608 401
342 47
1 311
478 804
68 238
157 87
109 128
223 946
290 947
466 768
89 677
68 284
209 261
598 361
631 787
101 961
342 962
289 46
89 754
290 483
598 343
535 482
68 645
864 380
1 295
983 560
480 936
488 420
435 140
104 494
598 588
897 700
493 815
560 611
952 288
466 378
660 392
668 376
342 517
342 412
1 151
535 346
478 77
1 366
342 557
522 817
289 844
716 20
598 704
451 190
1 3
598 495
1 275
342 517
1 566
535 955
1 432
643 245
937 505
292 604
289 181
535 91
480 996
570 981
598 783
1 39
290 483
2 443
466 765
1 832
68 940
716 638
711 699
339 122
811 556
889 408
342 301
620 727
342 209
598 983
1 873
598 979
1 170
1 940
1 495
620 306
598 210
908 380
630 498
1 215
598 263
660 191
1 79
598 888
938 132
508 921
413 848
598 194
536 344
1 478
342 991
201 316
89 633
536 547
2 741
133 161
1 706
177 888
598 33
668 233
92 38
451 195
619 66
292 826
480 834
598 399
1 162
466 724
89 711
430 11
342 766
535 297
536 571
598 451
342 618
89 432
1 862
1 751
342 923
885 53
1 420
342 656
1 801
157 633
716 806
598 632
276 978
660 325
660 524
530 975
598 176
1 942
598 326
643 875
535 104
428 146
833 769
89 534
1 108
755 144
68 86
598 688
608 34
801 939
446 459
660 583
342 533
1 493
643 452
201 473
224 345
643 165
1 712
801 939
342 824
375 66
536 70
849 499
1 527
68 702
342 949
466 552
68 698
342 677
1 331
1 199
342 471
378 96
536 43
341 67
598 734
777 308
375 130
404 888
598 492
1 127
598 969
375 950
435 140
1 648
7 359
1 335
118 661
598 290
559 498
7 285
559 421
818 667
535 604
1 753
681 509
70 753
342 312
864 726
456 376
1 46
68 527
598 703
535 118
982 641
451 856
1 787
535 663
535 148
68 830
342 422
432 585
292 839
535 268
445 776
716 597
186 319
535 551
68 461
535 72
801 626
535 59
272 781
200 513
1 904
342 406
158 59
1 127
292 251
962 554
107 139
1 136
1 774
527 824
536 191
536 877
1 93
754 221
598 334
608 899
536 555
535 218
598 105
342 669
342 509
660 97
535 518
342 196
598 717
598 75
89 472
342 69
939 50
1 856
659 39
180 85
536 565
342 381
371 977
1 661
598 400
536 924
375 950
1 531
1 225
565 212
598 228
18 920
908 586
106 973
1 424
13 698
466 630
138 579
342 377
695 937
598 310
535 278
643 982
89 261
118 529
598 664
107 828
364 553
598 10
643 163
89 534
1 748
9 729
1 925
1 660
741 519
201 473
451 190
598 292
736 238
833 607
276 785
598 330
598 725
1 12
7 358
598 589
716 892
908 848
598 890
342 373
1 799
716 155
342 559
931 986
598 162
598 998
488 153
375 333
2 36
1 528
626 676
1 426
68 440
819 569
171 724
68 418
598 764
929 892
342 106
25 96
598 718
68 990
1 350
1 459
1 688
118 474
716 41
1 857
1 855
478 41
7 614
68 86
360 454
1 652
276 755
342 39
83 145
535 725
736 444
529 859
643 606
598 170
598 735
1 58
1 920
68 686
1 603
209 304
535 968
620 271
769 812
535 314
598 543
598 78
1 499
1 839
695 120
639 763
535 825
1 681
62 364
864 848
1 569
2 180
342 276
535 474
68 659
818 290
535 486
598 70
1 139
937 817
342 534
602 208
1 682
342 656
342 378
68 522
89 69
247 860
1 791
89 470
598 353
916 823
177 694
342 798
68 422
857 574
909 366
89 640
2 910
1 464
536 97
68 948
9 44
1 208
338 872
659 861
535 822
535 57
916 338
666 551
480 652
89 244
931 239
864 3
375 944
598 300
727 628
118 905
660 9
94 399
598 653
342 774
1 516
535 266
62 58
276 373
89 640
535 993
342 857
848 836
1 716
1 705
535 682
536 137
977 846
857 687
897 855
1 68
668 730
276 471
1 102
536 764
660 392
375 645
535 859
1 673
912 281
157 789
598 297
371 189
598 105
200 513
1 932
931 324
1 886
207 377
941 691
660 6
695 47
374 358
342 841
962 648
569 395
342 124
1 61
598 43
598 623
342 490
7 33
598 151
598 34
1 620
1 750
535 346
659 794
1 56
1 883
89 832
68 563
576 682
106 973
608 283
598 639
598 544
371 226
535 562
660 116
68 18
937 817
488 339
659 39
598 233
1 732
478 242
371 583
118 882
342 174
1 756
713 474
535 393
480 273
342 395
276 415
668 234
598 970
643 627
276 874
1 317
289 887
68 895
68 577
1 613
1 581
1 18
535 544
451 928
857 687
577 328
1 778
535 853
1 810
1 436
158 59
598 818
374 644
187 609
620 778
883 240
535 344
342 1000
536 484
2 693
200 899
1 37
736 438
849 638
1 342
523 802
535 63
535 135
157 124
354 891
342 65
466 498
18 590
535 521
1 209
660 954
620 433
536 57
342 313
816 424
536 326
1 396
109 745
929 155
68 920
231 508
620 18
342 796
456 192
68 584
535 561
1 714
522 854
342 32
908 230
598 853
833 927
771 22
68 449
337 534
371 942
371 104
926 370
598 441
478 100
342 738
595 467
1 223
849 589
427 458
7 788
713 247
89 925
908 143
68 465
89 511
755 821
68 603
1 928
598 379
18 995
342 416
598 485
342 976
1 416
1 68
735 987
1 902
602 315
620 590
536 43
292 495
254 568
857 438
958 950
89 147
133 572
157 991
342 259
769 26
535 565
598 845
643 317
62 148
68 801
1 316
342 628
89 491
342 429
598 54
1 541
1 825
68 958
342 603
106 585
342 736
598 558
342 267
95 217
598 52
864 593
979 869
598 520
118 588
1 109
1 37
13 675
157 707
1 602
535 685
598 576
342 767
864 368
68 676
74 837
89 941
660 189
508 900
1 444
598 110
166 732
209 530
89 842
522 817
258 635
1 567
598 283
169 533
1 388
79 632
342 593
1 800
952 386
342 677
1 201
226 194
1 173
1 832
1 526
1 654
342 546
558 611
659 40
371 23
536 247
666 588
723 408
258 515
342 373
842 927
1 182
598 170
1 372
598 578
105 604
536 245
659 271
535 392
62 148
1 595
819 398
1 595
1 857
576 850
1 390
1 658
1 276
535 532
668 971
21 501
113 97
118 850
342 175
466 755
536 392
389 42
451 763
63 756
1 678
209 534
598 639
1 297
1 341
201 909
535 906
95 28
643 245
535 27
432 973
1 496
927 711
1 125
186 319
375 336
835 799
643 365
427 510
146 465
598 330
206 179
342 864
917 312
660 121
557 642
276 197
289 178
276 394
342 916
276 424
1 585
1 269
1 492
660 579
342 32
4 119
223 946
660 317
894 601
342 439
456 192
456 211
535 90
358 644
342 47
342 114
536 683
451 260
1 710
598 597
598 894
1 935
536 674
138 579
1 281
493 766
735 987
849 747
466 322
668 234
157 789
1 613
849 435
478 504
1 330
1 895
68 662
536 296
2 969
932 625
201 473
1 107
342 472
375 202
118 882
1 753
289 323
710 834
1 376
7 614
276 679
513 919
1 588
276 96
372 744
598 133
598 420
833 842
1 602
598 220
535 763
764 154
7 688
342 773
598 27
1 215
716 334
1 115
272 4
342 460
608 947
565 212
927 699
68 967
342 249
2 192
598 228
736 574
1 32
113 637
342 748
157 287
806 77
598 245
598 17
342 669
135 957
1 95
1 809
1 817
536 588
89 159
276 945
342 949
373 415
536 506
231 900
1 914
1 198
920 563
1 269
74 837
535 135
608 513
608 33
2 443
32 949
342 976
1 757
342 487
423 450
536 266
276 960
660 757
1 803
1 284
371 23
1 971
342 785
598 668
493 798
833 221
157 305
608 972
201 791
342 439
68 658
535 70
432 48
741 519
755 976
1 143
598 880
1 13
258 357
668 29
565 355
819 815
598 180
577 686
535 583
89 790
536 565
18 967
1 174
1 142
954 757
535 953
804 589
371 351
835 780
1 304
1 819
342 523
559 421
342 449
909 219
62 430
2 568
180 233
864 836
68 659
1 874
1 817
598 608
292 986
1 165
511 147
387 730
1 570
598 818
342 299
488 712
1 188
1 536
903 442
763 856
292 839
276 402
1 84
169 183
1 798
68 468
109 732
664 520
169 145
342 354
598 548
535 845
342 768
342 878
535 565
2 971
111 676
598 176
535 885
608 947
342 123
598 879
643 163
1 589
466 559
493 669
415 914
536 583
1 655
536 786
415 878
976 874
598 52
559 291
626 676
1 225
536 163
849 903
62 335
1 406
89 991
342 673
397 265
1 982
643 9
522 922
292 239
258 357
178 387
133 403
590 454
535 639
585 307
598 513
372 95
342 115
292 75
1 912
342 692
536 760
598 186
342 900
536 236
478 293
89 802
342 692
598 292
276 785
536 905
2 890
656 866
493 439
598 255
7 34
342 143
1 444
1 710
18 405
486 399
432 14
666 672
289 497
764 343
342 645
273 827
292 148
536 558
32 916
157 14
1 897
950 487
41 715
668 548
864 593
535 952
508 795
962 453
466 498
838 49
433 39
635 352
639 260
1 171
1 844
1 185
342 461
107 139
1 486
598 133
276 613
664 12
290 582
701 560
428 381
2 178
598 970
598 385
24 440
1 811
608 919
89 318
373 415
1 419
106 203
488 94
480 201
9 977
849 589
480 201
790 318
118 588
342 209
89 743
835 9
89 916
276 313
89 951
1 332
535 556
863 126
535 458
908 368
480 570
602 213
620 174
660 136
375 66
219 615
68 360
1 342
62 61
74 837
480 366
598 293
659 13
849 800
932 625
276 424
598 752
186 730
342 773
659 563
89 14
478 804
722 468
1 908
1 802
2 363
1 640
716 274
716 140
7 688
371 484
157 65
68 939
342 950
818 582
535 72
598 959
643 35
962 922
1 923
1 576
598 348
535 742
1 32
488 135
637 97
598 576
374 294
292 604
535 309
661 310
660 609
1 388
535 190
910 205
735 567
849 464
1 256
342 445
354 549
777 308
704 928
535 331
598 784
1 486
21 953
598 217
1 326
962 453
643 452
535 706
1 805
598 737
2 289
480 71
598 224
916 872
1 828
664 720
493 819
509 238
342 785
257 295
598 2
62 356
1 558
598 233
342 857
602 308
801 773
1 879
1 958
404 678
1 134
125 722
1 440
660 427
864 127
529 859
68 554
480 909
289 233
598 870
799 571
598 88
169 533
1 373
1 286
664 932
598 236
681 509
1 273
644 370
668 323
716 353
643 518
536 314
842 711
1 322
643 835
1 288
842 851
157 671
598 296
290 761
598 664
598 430
107 139
1 516
62 281
1 441
929 504
1 725
1 422
451 566
598 107
668 568
602 710
536 326
488 934
740 38
1 315
864 127
62 251
608 582
952 742
535 660
68 271
258 19
1 232
68 350
955 856
177 694
861 794
1 788
598 80
478 800
536 70
598 274
878 914
716 166
12 302
89 911
276 978
849 274
1 515
1 862
374 367
342 820
1 46
466 657
89 754
32 124
598 51
89 575
272 4
289 186
1 415
840 324
1 977
1 244
569 56
451 639
1 37
821 144
342 50
535 757
12 870
736 238
864 222
1 924
1 118
1 830
404 752
740 853
342 985
608 107
1 710
1 171
806 504
598 924
89 833
602 834
536 97
342 679
68 375
536 858
932 870
1 310
750 213
2 902
1 7
7 538
1 261
716 73
206 217
598 352
480 777
1 687
598 560
716 719
920 350
660 397
569 774
598 76
821 424
535 163
822 943
342 123
1 547
801 468
1 630
504 984
745 110
342 940
1 804
1 890
798 439
917 312
688 862
643 172
598 188
478 442
89 991
735 567
864 413
342 964
801 125
119 904
342 465
68 767
1 898
849 889
95 731
555 740
478 442
1 441
292 852
342 174
113 637
535 451
258 515
404 674
1 695
430 500
68 416
80 164
1 49
661 57
226 784
1 619
432 813
937 280
716 20
513 919
1 637
598 536
1 462
1 988
598 661
380 951
1 283
68 773
533 471
360 948
1 114
598 835
660 404
1 743
1 435
68 125
1 513
912 281
533 183
342 134
716 361
598 36
303 429
833 927
342 4
908 380
342 130
660 562
276 466
535 371
822 718
478 100
755 684
138 484
488 496
466 412
535 524
1 991
554 463
660 799
819 56
660 53
289 880
608 200
557 642
480 182
598 986
1 486
342 282
799 632
480 273
342 491
1 943
1 652
197 341
722 468
711 699
1 490
598 494
1 358
1 274
342 134
68 722
467 617
1 782
337 896
535 529
598 731
133 400
389 259
478 806
178 497
342 416
790 318
466 670
478 499
789 691
643 365
695 937
1 551
342 287
660 655
1 974
598 441
620 778
555 793
755 424
686 449
937 280
598 166
849 80
598 972
718 943
1 842
659 702
849 745
1 940
962 817
68 428
273 208
138 332
535 121
341 67
1 315
342 322
342 581
750 455
598 80
849 810
1 402
432 14
536 158
644 926
849 140
1 674
40 964
84 883
342 146
1 65
535 191
466 546
536 524
342 287
7 515
659 985
342 124
902 443
7 258
258 515
89 949
849 478
643 136
89 115
511 743
535 62
1 492
1 2
598 542
1 822
695 584
923 748
849 889
290 667
1 849
536 245
1 832
276 878
89 413
493 569
289 548
716 330
660 757
660 226
21 501
713 492
18 360
598 51
598 192
68 490
1 89
508 921
89 951
842 781
535 38
598 894
50 676
1 854
68 336
169 291
68 540
535 717
1 648
536 212
342 914
1 482
631 310
598 716
342 847
337 304
63 807
889 810
360 662
62 906
535 397
598 747
598 528
254 568
342 405
536 189
451 340
1 476
457 934
362 489
342 350
1 552
109 543
68 284
1 598
371 846
755 816
536 492
1 73
480 182
62 567
1 256
769 812
260 763
89 908
1 256
660 21
569 395
175 796
660 355
342 25
535 994
888 103
372 783
660 265
480 602
1 762
1 925
342 5
598 723
572 688
1 474
1 781
849 20
1 955
551 859
360 229
342 960
735 58
372 419
342 659
660 346
1 358
68 801
806 747
940 776
306 778
1 46
493 669
608 614
480 602
1 857
380 802
535 924
1 7
342 333
598 153
466 684
1 533
432 832
488 531
387 29
1 313
598 700
590 820
469 286
342 798
735 105
157 789
958 487
864 511
486 94
598 132
1 270
68 920
62 500
598 536
608 479
598 712
801 626
18 995
1 657
962 15
608 818
598 12
536 562
1 210
86 675
801 692
1 806
493 819
432 633
598 117
962 303
1 123
598 779
835 189
89 74
989 502
598 862
1 602
962 47
1 342
478 526
812 697
908 362
342 380
342 722
1 883
690 159
68 619
602 208
559 83
210 400
1 516
739 848
598 703
725 447
342 815
118 845
598 488
276 809
1 605
1 615
1 417
342 656
1 633
1 235
68 861
1 695
598 441
621 150
1 380
11 839
1 149
536 187
931 826
9 993
1 271
466 978
727 40
342 698
292 227
1 68
1 969
1 533
68 18
68 411
342 699
201 248
536 663
1 50
89 530
931 826
801 603
598 856
2 327
375 893
1 879
493 569
1 658
1 664
507 336
536 59
1 341
598 647
371 482
68 202
375 507
535 694
63 457
608 782
1 630
598 928
801 111
463 651
820 454
620 727
1 70
940 445
342 39
1 598
598 828
635 19
660 185
342 893
68 111
1 546
620 282
