600
1 2 15
1 3 5
1 4 11
1 5 15
1 6 19
1 7 4
1 8 20
1 9 10
1 10 5
1 11 3
1 12 2
1 13 13
1 14 3
1 15 5
1 16 17
1 17 18
1 18 11
1 19 13
1 20 9
1 21 7
1 22 8
1 23 9
1 24 14
1 25 11
1 26 20
1 27 6
1 28 20
1 29 11
1 30 10
1 31 3
1 32 13
1 33 4
1 34 20
1 35 3
1 36 10
1 37 18
1 38 18
1 39 2
1 40 7
1 41 14
1 42 4
1 43 1
1 44 6
1 45 6
1 46 17
1 47 14
1 48 4
1 49 7
1 50 18
1 51 4
1 52 14
1 53 18
1 54 12
1 55 19
1 56 8
1 57 12
1 58 4
1 59 19
1 60 14
1 61 5
1 62 1
1 63 6
1 64 20
1 65 20
1 66 20
1 67 10
1 68 17
1 69 17
1 70 11
1 71 4
1 72 10
1 73 14
1 74 16
1 75 7
1 76 11
1 77 12
1 78 12
1 79 6
1 80 10
1 81 10
1 82 9
1 83 15
1 84 19
1 85 13
1 86 6
1 87 6
1 88 16
1 89 9
1 90 4
1 91 9
1 92 6
1 93 4
1 94 15
1 95 5
1 96 16
1 97 14
1 98 6
1 99 12
1 100 3
1 101 8
1 102 7
1 103 12
1 104 1
1 105 2
1 106 11
1 107 12
1 108 5
1 109 2
1 110 9
1 111 7
1 112 3
1 113 18
1 114 13
1 115 1
1 116 10
1 117 18
1 118 18
1 119 5
1 120 19
1 121 1
1 122 5
1 123 4
1 124 17
1 125 19
1 126 20
1 127 12
1 128 5
1 129 18
1 130 15
1 131 7
1 132 5
1 133 2
1 134 10
1 135 18
1 136 15
1 137 20
1 138 1
1 139 20
1 140 14
1 141 9
1 142 18
1 143 16
1 144 6
1 145 10
1 146 17
1 147 7
1 148 8
1 149 14
1 150 3
1 151 18
1 152 7
1 153 8
1 154 13
1 155 15
1 156 18
1 157 12
1 158 18
1 159 2
1 160 1
1 161 12
1 162 20
1 163 6
1 164 5
1 165 10
1 166 3
1 167 20
1 168 9
1 169 3
1 170 11
1 171 2
1 172 11
1 173 8
1 174 10
1 175 9
1 176 9
1 177 6
1 178 15
1 179 8
1 180 11
1 181 18
1 182 5
1 183 9
1 184 17
1 185 17
1 186 15
1 187 14
1 188 1
1 189 12
1 190 8
1 191 1
1 192 16
1 193 7
1 194 18
1 195 12
1 196 16
1 197 20
1 198 11
1 199 17
1 200 14
1 201 13
1 202 10
1 203 17
1 204 20
1 205 19
1 206 5
1 207 1
1 208 16
1 209 11
1 210 8
1 211 19
1 212 8
1 213 5
1 214 19
1 215 4
1 216 13
1 217 14
1 218 10
1 219 13
1 220 17
1 221 17
1 222 6
1 223 4
1 224 3
1 225 3
1 226 16
1 227 11
1 228 15
1 229 18
1 230 7
1 231 20
1 232 11
1 233 16
1 234 16
1 235 2
1 236 7
1 237 12
1 238 2
1 239 2
1 240 3
1 241 2
1 242 20
1 243 2
1 244 6
1 245 11
1 246 6
1 247 18
1 248 4
1 249 7
1 250 3
1 251 20
1 252 3
1 253 8
1 254 16
1 255 17
1 256 2
1 257 11
1 258 7
1 259 8
1 260 8
1 261 5
1 262 8
1 263 18
1 264 13
1 265 15
1 266 20
1 267 11
1 268 7
1 269 13
1 270 12
1 271 9
1 272 14
1 273 4
1 274 10
1 275 19
1 276 14
1 277 7
1 278 17
1 279 9
1 280 13
1 281 11
1 282 20
1 283 7
1 284 10
1 285 15
1 286 16
1 287 11
1 288 17
1 289 14
1 290 11
1 291 5
1 292 11
1 293 10
1 294 14
1 295 3
1 296 4
1 297 5
1 298 13
1 299 2
1 300 18
1 301 16
1 302 2
1 303 11
1 304 11
1 305 12
1 306 2
1 307 16
1 308 10
1 309 10
1 310 4
1 311 15
1 312 20
1 313 16
1 314 13
1 315 9
1 316 10
1 317 8
1 318 11
1 319 19
1 320 2
1 321 1
1 322 3
1 323 12
1 324 2
1 325 8
1 326 6
1 327 6
1 328 13
1 329 10
1 330 19
1 331 2
1 332 17
1 333 1
1 334 4
1 335 8
1 336 4
1 337 5
1 338 15
1 339 13
1 340 14
1 341 11
1 342 19
1 343 13
1 344 6
1 345 12
1 346 1
1 347 7
1 348 19
1 349 4
1 350 5
1 351 12
1 352 4
1 353 19
1 354 15
1 355 18
1 356 7
1 357 20
1 358 15
1 359 11
1 360 9
1 361 13
1 362 4
1 363 18
1 364 13
1 365 7
1 366 5
1 367 16
1 368 12
1 369 11
1 370 1
1 371 5
1 372 1
1 373 19
1 374 18
1 375 6
1 376 10
1 377 10
1 378 13
1 379 9
1 380 13
1 381 17
1 382 12
1 383 9
1 384 8
1 385 7
1 386 18
1 387 14
1 388 6
1 389 12
1 390 16
1 391 7
1 392 4
1 393 19
1 394 16
1 395 17
1 396 5
1 397 20
1 398 4
1 399 16
1 400 2
1 401 4
1 402 13
1 403 3
1 404 3
1 405 2
1 406 20
1 407 12
1 408 11
1 409 12
1 410 12
1 411 16
1 412 1
1 413 4
1 414 16
1 415 8
1 416 10
1 417 13
1 418 13
1 419 7
1 420 16
1 421 8
1 422 5
1 423 19
1 424 18
1 425 20
1 426 7
1 427 2
1 428 11
1 429 11
1 430 10
1 431 13
1 432 14
1 433 2
1 434 7
1 435 16
1 436 3
1 437 6
1 438 20
1 439 5
1 440 18
1 441 11
1 442 12
1 443 10
1 444 14
1 445 19
1 446 9
1 447 15
1 448 3
1 449 13
1 450 14
1 451 18
1 452 12
1 453 18
1 454 17
1 455 9
1 456 18
1 457 3
1 458 10
1 459 20
1 460 13
1 461 19
1 462 12
1 463 19
1 464 12
1 465 18
1 466 14
1 467 14
1 468 16
1 469 13
1 470 11
1 471 5
1 472 16
1 473 2
1 474 14
1 475 1
1 476 13
1 477 14
1 478 16
1 479 15
1 480 6
1 481 9
1 482 13
1 483 17
1 484 18
1 485 1
1 486 17
1 487 7
1 488 3
1 489 6
1 490 7
1 491 8
1 492 17
1 493 10
1 494 6
1 495 8
1 496 20
1 497 11
1 498 14
1 499 15
1 500 16
1 501 4
1 502 19
1 503 11
1 504 17
1 505 4
1 506 11
1 507 9
1 508 17
1 509 18
1 510 4
1 511 14
1 512 18
1 513 8
1 514 2
1 515 16
1 516 8
1 517 18
1 518 2
1 519 2
1 520 15
1 521 20
1 522 9
1 523 11
1 524 10
1 525 6
1 526 11
1 527 1
1 528 9
1 529 16
1 530 7
1 531 16
1 532 11
1 533 5
1 534 18
1 535 7
1 536 20
1 537 20
1 538 8
1 539 8
1 540 18
1 541 3
1 542 1
1 543 15
1 544 10
1 545 14
1 546 2
1 547 9
1 548 11
1 549 16
1 550 10
1 551 5
1 552 15
1 553 11
1 554 8
1 555 16
1 556 8
1 557 10
1 558 16
1 559 8
1 560 5
1 561 2
1 562 3
1 563 15
1 564 18
1 565 20
1 566 13
1 567 17
1 568 20
1 569 12
1 570 4
1 571 9
1 572 14
1 573 16
1 574 15
1 575 15
1 576 9
1 577 17
1 578 15
1 579 11
1 580 12
1 581 5
1 582 8
1 583 6
1 584 7
1 585 15
1 586 14
1 587 6
1 588 16
1 589 1
1 590 14
1 591 20
1 592 3
1 593 16
1 594 6
1 595 12
1 596 16
1 597 10
1 598 9
1 599 7
1 600 2
