86
51 30 10
80 12 11
24 28 12
80 38 2
60 59 3
11 32 7
71 86 18
72 16 13
3 32 4
9 43 1
12 31 15
10 78 5
17 32 13
15 56 3
52 54 12
60 44 1
85 66 11
15 68 3
18 67 16
77 36 20
41 80 6
84 55 12
81 55 5
26 50 19
50 6 9
86 42 2
19 7 17
30 81 15
57 69 4
49 1 18
10 59 13
22 24 6
21 60 4
4 48 15
69 66 9
39 1 2
52 18 3
48 19 17
55 47 6
82 54 9
17 61 9
75 83 7
72 38 10
25 10 2
13 10 3
49 7 14
69 14 6
30 28 12
19 74 5
73 2 9
7 30 12
86 84 19
66 45 8
14 13 15
43 53 14
64 74 15
8 85 5
24 32 19
80 9 15
2 19 15
38 68 12
20 71 8
27 21 16
70 5 18
35 30 7
18 46 17
77 51 18
85 70 16
62 46 5
78 26 10
29 63 14
75 52 9
79 4 19
73 65 2
20 33 17
34 84 20
80 60 16
23 46 15
69 7 20
37 49 4
29 58 13
65 40 17
60 76 10
63 32 15
57 62 5
