500
1 2 18
1 3 14
1 4 12
1 5 8
1 6 6
1 7 3
1 8 8
1 9 19
1 10 13
1 11 7
1 12 8
1 13 14
1 14 18
1 15 10
1 16 13
1 17 8
1 18 7
1 19 11
1 20 16
1 21 19
1 22 12
1 23 9
1 24 7
1 25 19
1 26 2
1 27 8
1 28 13
1 29 1
1 30 14
1 31 6
1 32 9
1 33 3
1 34 11
1 35 13
1 36 10
1 37 8
1 38 15
1 39 18
1 40 19
1 41 7
1 42 16
1 43 6
1 44 12
1 45 14
1 46 7
1 47 16
1 48 1
1 49 5
1 50 6
1 51 8
1 52 3
1 53 18
1 54 16
1 55 9
1 56 8
1 57 17
1 58 8
1 59 20
1 60 9
1 61 13
1 62 18
1 63 18
1 64 15
1 65 20
1 66 2
1 67 4
1 68 8
1 69 16
1 70 13
1 71 6
1 72 14
1 73 1
1 74 3
1 75 5
1 76 14
1 77 9
1 78 12
1 79 6
1 80 13
1 81 18
1 82 5
1 83 7
1 84 7
1 85 1
1 86 7
1 87 6
1 88 9
1 89 14
1 90 6
1 91 18
1 92 18
1 93 15
1 94 7
1 95 4
1 96 14
1 97 8
1 98 19
1 99 13
1 100 15
1 101 12
1 102 10
1 103 8
1 104 12
1 105 12
1 106 4
1 107 17
1 108 12
1 109 15
1 110 14
1 111 16
1 112 4
1 113 18
1 114 2
1 115 10
1 116 10
1 117 8
1 118 8
1 119 11
1 120 13
1 121 5
1 122 8
1 123 2
1 124 19
1 125 6
1 126 5
1 127 4
1 128 13
1 129 4
1 130 17
1 131 7
1 132 7
1 133 18
1 134 6
1 135 10
1 136 10
1 137 9
1 138 18
1 139 13
1 140 15
1 141 11
1 142 9
1 143 19
1 144 20
1 145 2
1 146 20
1 147 10
1 148 2
1 149 7
1 150 20
1 151 6
1 152 11
1 153 19
1 154 8
1 155 1
1 156 4
1 157 12
1 158 5
1 159 8
1 160 15
1 161 1
1 162 6
1 163 13
1 164 10
1 165 11
1 166 2
1 167 19
1 168 11
1 169 19
1 170 4
1 171 5
1 172 1
1 173 4
1 174 3
1 175 1
1 176 5
1 177 15
1 178 2
1 179 18
1 180 1
1 181 13
1 182 4
1 183 4
1 184 11
1 185 11
1 186 4
1 187 6
1 188 14
1 189 8
1 190 13
1 191 1
1 192 20
1 193 10
1 194 13
1 195 10
1 196 20
1 197 15
1 198 20
1 199 2
1 200 13
1 201 15
1 202 6
1 203 14
1 204 18
1 205 1
1 206 6
1 207 15
1 208 7
1 209 7
1 210 12
1 211 7
1 212 19
1 213 15
1 214 2
1 215 1
1 216 17
1 217 6
1 218 18
1 219 11
1 220 5
1 221 2
1 222 11
1 223 17
1 224 11
1 225 3
1 226 18
1 227 2
1 228 9
1 229 9
1 230 3
1 231 14
1 232 4
1 233 20
1 234 19
1 235 1
1 236 12
1 237 4
1 238 15
1 239 18
1 240 2
1 241 7
1 242 17
1 243 12
1 244 13
1 245 18
1 246 12
1 247 2
1 248 15
1 249 1
1 250 12
1 251 12
1 252 2
1 253 14
1 254 8
1 255 12
1 256 16
1 257 17
1 258 13
1 259 17
1 260 5
1 261 7
1 262 10
1 263 8
1 264 6
1 265 8
1 266 9
1 267 18
1 268 3
1 269 3
1 270 7
1 271 4
1 272 1
1 273 3
1 274 7
1 275 6
1 276 1
1 277 18
1 278 7
1 279 7
1 280 10
1 281 10
1 282 18
1 283 11
1 284 3
1 285 17
1 286 2
1 287 10
1 288 13
1 289 6
1 290 6
1 291 18
1 292 4
1 293 15
1 294 5
1 295 1
1 296 14
1 297 5
1 298 10
1 299 8
1 300 20
1 301 17
1 302 11
1 303 12
1 304 19
1 305 9
1 306 17
1 307 11
1 308 18
1 309 15
1 310 18
1 311 7
1 312 4
1 313 7
1 314 17
1 315 6
1 316 4
1 317 10
1 318 16
1 319 16
1 320 7
1 321 1
1 322 5
1 323 10
1 324 8
1 325 2
1 326 11
1 327 13
1 328 18
1 329 12
1 330 1
1 331 17
1 332 8
1 333 3
1 334 9
1 335 7
1 336 12
1 337 17
1 338 9
1 339 9
1 340 4
1 341 6
1 342 16
1 343 7
1 344 13
1 345 12
1 346 5
1 347 8
1 348 14
1 349 12
1 350 15
1 351 20
1 352 12
1 353 20
1 354 2
1 355 11
1 356 13
1 357 4
1 358 16
1 359 10
1 360 15
1 361 16
1 362 19
1 363 3
1 364 18
1 365 19
1 366 1
1 367 1
1 368 7
1 369 1
1 370 10
1 371 10
1 372 7
1 373 17
1 374 9
1 375 11
1 376 20
1 377 13
1 378 10
1 379 13
1 380 4
1 381 4
1 382 13
1 383 7
1 384 15
1 385 6
1 386 10
1 387 19
1 388 9
1 389 5
1 390 9
1 391 3
1 392 20
1 393 19
1 394 17
1 395 9
1 396 17
1 397 9
1 398 10
1 399 3
1 400 10
1 401 11
1 402 5
1 403 8
1 404 7
1 405 13
1 406 10
1 407 6
1 408 5
1 409 19
1 410 19
1 411 20
1 412 2
1 413 3
1 414 6
1 415 9
1 416 8
1 417 15
1 418 7
1 419 16
1 420 19
1 421 7
1 422 10
1 423 10
1 424 5
1 425 19
1 426 19
1 427 1
1 428 7
1 429 20
1 430 16
1 431 16
1 432 2
1 433 20
1 434 15
1 435 8
1 436 12
1 437 4
1 438 5
1 439 8
1 440 2
1 441 15
1 442 7
1 443 16
1 444 9
1 445 4
1 446 4
1 447 8
1 448 19
1 449 2
1 450 15
1 451 9
1 452 9
1 453 5
1 454 11
1 455 13
1 456 3
1 457 1
1 458 6
1 459 1
1 460 12
1 461 13
1 462 9
1 463 13
1 464 4
1 465 3
1 466 12
1 467 7
1 468 7
1 469 16
1 470 14
1 471 20
1 472 3
1 473 12
1 474 7
1 475 11
1 476 15
1 477 10
1 478 19
1 479 5
1 480 4
1 481 13
1 482 6
1 483 12
1 484 9
1 485 16
1 486 16
1 487 11
1 488 8
1 489 13
1 490 4
1 491 19
1 492 5
1 493 12
1 494 11
1 495 20
1 496 14
1 497 2
1 498 6
1 499 12
1 500 17
