211177921400
284442421220
116310619414
106097862016
115169235270
142084275774
185888566888
158615910140
231703687682
184092160073
376411162306
113421576572
338396534858
190540509454
251594449920
320941004759
361430781586
202755057150
121859642132
128123238793
169105799233
372895713427
181877136197
262476787994
326740758390
165692879722
239254565245
311013401045
379953699384
368500036507
249407796485
179578460243
311182115493
9016721415
342532013720
318532520473
380590675379
81160229234
285808366265
300233829135
87118463118
300521179301
239316699876
254457054951
197554713516
186331606082
117111363198
307615512096
379719055488
358240543224
94549927811
81158730817
13549919835
165089879033
208289192031
329945384253
211695527756
36955215729
274063070703
266542735587
144918188207
204229546464
40691642635
216400709694
15002142372
376283453428
132455621599
234044631104
163325999569
82889841325
282292992265
23875547400
271091114118
139312807115
168408137251
52203758794
42464169445
378246441054
1161407514
139091741651
253041743825
112486073178
177881391622
37328067903
132161537117
378903209214
314764081887
116941548064
78981601317
137736005638
136996956185
161561687949
172036690008
354275693916
270270762715
334000242203
34086398507
345338675708
77320601573
255549262457
241931876508
32293855882
231219856916
56974963986
311317505552
370787400624
298646551324
98584252938
219183200596
127767324882
355816997485
331064751986
310311885654
58235006807
368682658372
329859786418
17823654204
225104784985
289399464554
228332199214
177137412642
202466022860
368894659183
61229613221
324029642841
293888777219
105273749327
353332238961
7267686810
360637703292
380023102760
177992021866
57246230518
2990954805
15730827520
218009790726
336267161545
121175148666
290654066020
318954296521
8843821230
69358849573
327463767703
91919324128
63785636614
91640822818
15539355341
160745507584
248233807765
185982583622
30688855058
317255873303
47802750908
108170822571
207959003028
328242715702
100404543498
251097215498
177282216741
200759755432
162031861437
23053927027
170702803548
278054821440
377499672147
113996261234
374330765255
2023093567
192079169833
111716220818
48434325147
198233817647
324041531741
315265951238
82110956647
351149440771
297994768169
282237015388
243745416167
165766540486
255376196215
230765596207
18892258265
28546456119
113512888124
162754522961
381203844137
12706625189
331984491891
329967522643
170108426661
335287775461
64518289499
67760487832
2226675014
261711837329
36784981591
312568598721
156401101187
357143170796
358613368382
44641688172
273778502711
271090240702
40435824661
250646857522
135459726380
51813740212
227009211185
70122023699
199081336800
51348601440
326061933630
125988275869
186180961342
89749001619
13168616624
229844047730
196755720031
81137515694
192994397414
182771600603
185824217943
243148423633
357585154013
152908822123
124874440304
327974910954
120855384232
140145401606
49580292670
162409626984
241321207852
220651640359
188537251525
90530076315
227686532947
116702155680
214498632064
275746169456
96832165902
36550343968
59843877349
79938052536
47103073676
86286640681
287378065877
331415355770
39212768971
277812701737
77523486920
350005030330
205113145769
271988792833
232337254143
308707601214
194250287237
276426871685
211445751332
268104907437
309988105279
82191571149
23515862020
221784439619
126450232342
324955011572
362184695181
153781508891
206450231991
71479727518
313971984323
138114287940
382775045089
292518140904
150007839773
350296715388
115989168503
232982241960
115193457213
282200551552
313438469284
60485277884
66653970241
69825486127
381725449312
294468241310
148605741407
16956902684
12275047911
293438481154
355291177958
297274369924
240661027824
312665714265
349187461765
27174291937
149639745851
350939331778
123669419644
200495920163
73829101691
172102745305
305935032655
175955991441
177260309039
132702136679
363995449550
279858743117
30420865927
274308198865
101345020909
75047557562
34351849391
231093916563
217453613559
322257302090
87462655827
127135528966
382155934890
114191546628
213385060486
72783135296
77491042279
331165476417
212023292058
205207421893
309104051470
46790648014
330831363128
362975409578
191867608854
214116860002
373881728457
181492712940
15347365820
219324623188
724977355
246169772261
140034696876
305365929328
199900859589
237189981893
268449368514
284286844564
67698356604
192536291656
269787059239
103280647195
171496745745
282768672064
85170455576
108386304087
223714860857
51979418709
45266150112
105802629913
240915504699
366097570996
228513820921
194809458545
98042097785
208185689857
375040711378
142977035066
232566939244
80238439011
230243160610
346785735949
124620828223
175939949619
2613264556
318071913777
52451713047
4447400509
2641924518
126197339060
228480799205
70696772143
3882259452
5478917597
99154279137
22723367291
351928838718
183349530963
125173181575
204142859648
140969473579
9574713087
248321447402
153940304241
189831137546
219009513234
24286292625
108314076740
339869778120
228612194960
261747174043
9253048494
51564186098
38195699031
243244990028
227021809344
203792112187
327602598630
337247453264
379884951876
140307415034
361802068511
132432269314
123876280523
162914253065
179585331192
325552736339
221661013289
74038507702
261887000222
162813716959
365867309205
350980332427
147089343064
285424420426
358128302992
9156063314
43597364442
86901651738
7410377371
237896981700
276579005185
314388021206
59199121948
360913399475
214909937546
17029495815
81036458303
8077985326
348181597794
382775045089
211011249312
279908824442
194179638152
231748623197
227953743243
116175494533
266499040400
30387193823
299528919368
121728428869
365156142843
41449015157
57351126389
103835752089
219034813781
367372727524
358440861644
290824558225
304013776361
188684972700
376827388310
211854412579
212969785014
209789786740
182405849414
339183603702
157789021973
30482370086
156687349252
340130078283
310470349925
23411004776
255167306114
61008443529
100676489262
253025186933
211363094329
357055511136
354921012195
172913501256
301501730905
193759509628
318650162534
138851164305
61855220679
318246104161
195906535713
46114375709
359321952617
377112187036
377968710829
303246035036
52773799379
382775045089
189074084523
52337356264
77607610530
288645527792
6930047299
25253465765
332497554770
7291239156
343442619899
84992961365
72074704921
220444687949
277269900163
309737782288
236151641446
233187549217
166811588835
241669516048
148174576836
377941300382
213218968213
143826601956
102954319850
96875107973
372533068002
307648920333
54212094047
359186377942
363509303603
237588084389
22465819361
337803416044
283883953514
375703989113
292498752527
153528573112
237839103140
111331937850
369073550329
148065872601
377683015951
301705328681
364826973505
372244427165
182289935122
209446472273
123693695540
30437879608
326496805473
307666125199
294848873320
150539564544
159528121138
72457154193
204767797466
200290300350
62607763669
307436937746
371998459453
371938885622
281278460997
297225291247
68937795086
3542942007
49165681671
120618314323
336618348821
70742140959
135079591203
311744920009
78165512578
347997084541
233818115587
209929793282
275599890310
202174861709
265858935851
87417934954
20073475856
374292489042
233424024488
200163673369
111264619061
38228540484
49649313157
223220301125
285096896310
296051009299
136284980636
343194231694
171085857199
353706387251
181057074769
273490297089
189618340320
236892666848
294957382658
234099862488
223929947001
210641740687
320617245820
181266922921
106502159459
307431039428
92459726303
254146403788
56050152480
376429303898
340098051487
107113533623
173813282316
209004665854
208635627092
186362274350
143385541492
82044209197
324363423980
311123504219
79020986803
176657015786
346706481379
112358937706
319206922710
268601551777
7414580928
11227359936
193026869181
232225558021
3563640355
278755697942
182700679425
247561606826
92082812411
282858468702
170681869439
251414875296
230085593602
182310113387
319802469710
291702113222
113423041648
205696006880
91421598417
326492107567
227191635861
58639793709
318678112820
31355080211
304020869903
49879670120
205632580338
270907298905
129884070666
154038791905
272151088851
90619530147
43880725766
211933551390
124074971988
352077949660
308984195264
13158623112
157961937855
48550965214
290797705289
92824342880
218120050570
48480861712
233773702213
173884994068
84195414617
176184791865
18181158313
212477572121
241934981115
324682890156
360909960572
209668297422
324006905430
328170047951
263898027338
365706236025
373128477426
21844537515
364160684784
168438900658
103405059625
133245668228
172659231566
149121603202
376033197441
357762710008
188532678848
75026902249
371808550125
130048048539
35788288647
163568735244
203989801491
373492534821
99952763340
139192529469
222566183516
235848568742
365968715263
367059678265
96721270996
95860892226
318230060677
59890367594
272830712673
11395733739
336855980920
80286540908
195778245377
197958892659
230923687509
13766444606
293076338909
331046349327
307614419541
242848252590
44494081044
327817725572
79083679920
257482287904
270088705638
20963976164
35006315592
202378706249
360620419736
371589892683
255404595332
362810961345
120025649553
14673743249
573239037
62182346222
126029059999
28500300605
127743489524
358271166469
297661516058
278909838528
154572352492
230949126533
132702168179
158227163067
40730294035
300228112934
168469993960
379771876166
283752590877
281210645911
306169416206
48403747242
352415732684
310653391386
269732737288
252490382056
86826702303
323574945251
368630119848
218510422134
157318103225
241362810964
356444089132
154165875092
148253480174
24806114417
330005524025
355848746470
165600810517
314603186356
330616668642
93626110375
15584728439
181981101604
12654152907
127988709954
266858576687
281426591282
320527884026
57794390664
48612549935
71628718345
140905568266
340807854065
311276282193
7524277012
46484224056
233599710624
67780358454
260608475221
304288497055
92949454627
82477748002
270931950460
360595793844
368560815603
290099790789
134591190950
159483560596
163273158756
67048784707
8545604900
200727271683
75246450924
20000507768
170902752043
124705230060
135178484501
71260223842
378316627228
8052655843
158284975970
144249230365
168583035822
141186995881
369262243060
8874319084
114681815759
155695717491
298577084833
368730464203
24299271986
282992895218
225590605143
244555055885
210451253742
134828815243
210005185292
245806658586
173278277954
368969258393
146681802481
264482408102
171203957968
198861334341
86120932159
286843567522
210729324019
113789754035
20397865235
160775920624
143885143957
262277027243
375554875237
321131395057
243008083535
86662659386
254247372100
58807175615
151024639284
36153076379
48738242798
145270725563
342525329288
198905531975
287276625526
335925634572
251494365421
68342247800
6171334020
247898817885
45595778789
260958938762
238328206743
56227107809
367400391349
242234025785
14170477371
353828591400
265319170437
84917560414
122334179678
216930188007
29567194276
375619586689
7159512848
249425561623
110528009123
176964938890
166464398030
127861651902
211138646776
133178177337
202273475831
3619866657
271749072331
199251648592
352872599769
329979369139
113613301965
65332415538
82781852425
184827276915
4718794759
349428995772
19254229332
298278487999
61423631563
362675057031
131710338950
355410848470
66756598241
201319880235
30608624894
41239912585
31823975892
176050546768
5686505865
231374923083
227737708456
23833403237
268756389529
205989686319
188934905398
21482693765
366173169368
366912202559
86966860861
362012829476
28733575312
362510422745
233865490445
92560093433
358761068868
58404191060
355758727373
86222476052
282817786649
124444538493
38743102572
382007157349
249070248119
368096185479
326334454290
186679483953
172251874390
160169239842
60529777539
132061026555
41675219761
252926891446
212743951042
349421225806
367529003643
219530925349
261150500943
232714710938
113952574583
335629739742
209686338159
113111791728
157048311165
102065994457
106395795220
348952967771
273823449814
29962289999
153222657938
116823767982
310254290568
153050418553
327474777207
277395356872
318541991151
231661803319
240934570292
61805162524
242269105340
261143990410
95051335424
121423560965
235566580024
35018970091
374625689173
220061090954
34615141231
86310699339
89672624937
342940385811
365366577643
174044239706
37260964988
163270716010
47285855589
138256026620
370711640349
303258931356
280281614337
56563257034
319107101582
314272319348
204255601094
73047408855
47738905336
133634142058
314498700501
377930888220
171879248834
284045794965
364314402556
285636393566
3117588637
226826664981
52598793816
96522502567
