0
3
6
11
16
22
29
38
47
57
68
80
93
107
122
139
156
174
193
213
234
256
279
303
328
354
381
409
438
468
499
532
565
599
634
670
707
745
784
824
865
907
950
994
1039
1085
1132
1180
1229
1279
1330
1382
1435
1489
1544
1600
1657
1715
1774
1834
1895
1957
2020
2085
2150
2216
2283
2351
2420
2490
2561
2633
2706
2780
2855
2931
3008
3086
3165
3245
3326
3408
3491
3575
3660
3746
3833
3921
4010
4100
4191
4283
4376
4470
4565
4661
4758
4856
4955
5055
5156
5258
5361
5465
5570
5676
5783
5891
6000
6110
6221
6333
6446
6560
6675
6791
6908
7026
7145
7265
7386
7508
7631
7755
7880
8006
8133
8262
8391
8521
8652
8784
8917
9051
9186
9322
9459
9597
9736
9876
0
3
9
14
20
27
37
46
56
67
79
92
106
121
139
156
174
193
213
234
256
279
303
328
354
381
409
438
468
499
533
566
600
635
671
708
746
785
825
866
908
951
995
1040
1086
1133
1181
1230
1280
1331
1383
1436
1490
1545
1601
1658
1716
1775
1835
1896
1958
2021
2087
2152
2218
2285
2353
2422
2492
2563
2635
2708
2782
2857
2933
3010
3088
3167
3247
3328
3410
3493
3577
3662
3748
3835
3923
4012
4102
4193
4285
4378
4472
4567
4663
4760
4858
4957
5057
5158
5260
5363
5467
5572
5678
5785
5893
6002
6112
6223
6335
6448
6562
6677
6793
6910
7028
7147
7267
7388
7510
7633
7757
7882
8008
8135
8265
8394
8524
8655
8787
8920
9054
9189
9325
9462
9600
9739
9879
0
7
12
18
25
36
45
55
66
78
91
105
120
139
156
174
193
213
234
256
279
303
328
354
381
409
438
468
499
534
567
601
636
672
709
747
786
826
867
909
952
996
1041
1087
1134
1182
1231
1281
1332
1384
1437
1491
1546
1602
1659
1717
1776
1836
1897
1959
2022
2089
2154
2220
2287
2355
2424
2494
2565
2637
2710
2784
2859
2935
3012
3090
3169
3249
3330
3412
3495
3579
3664
3750
3837
3925
4014
4104
4195
4287
4380
4474
4569
4665
4762
4860
4959
5059
5160
5262
5365
5469
5574
5680
5787
5895
6004
6114
6225
6337
6450
6564
6679
6795
6912
7030
7149
7269
7390
7512
7635
7759
7884
8010
8137
8268
8397
8527
8658
8790
8923
9057
9192
9328
9465
9603
9742
9882
0
5
11
18
30
39
49
60
72
85
99
114
134
151
169
188
208
229
251
274
298
323
349
376
404
433
463
494
530
563
597
632
668
705
743
782
822
863
905
948
992
1037
1083
1130
1178
1227
1277
1328
1380
1433
1487
1542
1598
1655
1713
1772
1832
1893
1955
2018
2086
2151
2217
2284
2352
2421
2491
2562
2634
2707
2781
2856
2932
3009
3087
3166
3246
3327
3409
3492
3576
3661
3747
3834
3922
4011
4101
4192
4284
4377
4471
4566
4662
4759
4857
4956
5056
5157
5259
5362
5466
5571
5677
5784
5892
6001
6111
6222
6334
6447
6561
6676
6792
6909
7027
7146
7266
7387
7509
7632
7756
7881
8007
8134
8266
8395
8525
8656
8788
8921
9055
9190
9326
9463
9601
9740
9880
0
7
14
27
36
46
57
69
82
96
111
132
149
167
186
206
227
249
272
296
321
347
374
402
431
461
492
529
562
596
631
667
704
742
781
821
862
904
947
991
1036
1082
1129
1177
1226
1276
1327
1379
1432
1486
1541
1597
1654
1712
1771
1831
1892
1954
2017
2086
2151
2217
2284
2352
2421
2491
2562
2634
2707
2781
2856
2932
3009
3087
3166
3246
3327
3409
3492
3576
3661
3747
3834
3922
4011
4101
4192
4284
4377
4471
4566
4662
4759
4857
4956
5056
5157
5259
5362
5466
5571
5677
5784
5892
6001
6111
6222
6334
6447
6561
6676
6792
6909
7027
7146
7266
7387
7509
7632
7756
7881
8007
8134
8267
8396
8526
8657
8789
8922
9056
9191
9327
9464
9602
9741
9881
0
7
21
30
40
51
63
76
90
105
127
144
162
181
201
222
244
267
291
316
342
369
397
426
456
487
525
558
592
627
663
700
738
777
817
858
900
943
987
1032
1078
1125
1173
1222
1272
1323
1375
1428
1482
1537
1593
1650
1708
1767
1827
1888
1950
2013
2083
2148
2214
2281
2349
2418
2488
2559
2631
2704
2778
2853
2929
3006
3084
3163
3243
3324
3406
3489
3573
3658
3744
3831
3919
4008
4098
4189
4281
4374
4468
4563
4659
4756
4854
4953
5053
5154
5256
5359
5463
5568
5674
5781
5889
5998
6108
6219
6331
6444
6558
6673
6789
6906
7024
7143
7263
7384
7506
7629
7753
7878
8004
8131
8265
8394
8524
8655
8787
8920
9054
9189
9325
9462
9600
9739
9879
0
15
24
34
45
57
70
84
99
122
139
157
176
196
217
239
262
286
311
337
364
392
421
451
482
521
554
588
623
659
696
734
773
813
854
896
939
983
1028
1074
1121
1169
1218
1268
1319
1371
1424
1478
1533
1589
1646
1704
1763
1823
1884
1946
2009
2080
2145
2211
2278
2346
2415
2485
2556
2628
2701
2775
2850
2926
3003
3081
3160
3240
3321
3403
3486
3570
3655
3741
3828
3916
4005
4095
4186
4278
4371
4465
4560
4656
4753
4851
4950
5050
5151
5253
5356
5460
5565
5671
5778
5886
5995
6105
6216
6328
6441
6555
6670
6786
6903
7021
7140
7260
7381
7503
7626
7750
7875
8001
8128
8263
8392
8522
8653
8785
8918
9052
9187
9323
9460
9598
9737
9877
0
9
19
30
42
55
69
84
108
125
143
162
182
203
225
248
272
297
323
350
378
407
437
468
508
541
575
610
646
683
721
760
800
841
883
926
970
1015
1061
1108
1156
1205
1255
1306
1358
1411
1465
1520
1576
1633
1691
1750
1810
1871
1933
1996
2068
2133
2199
2266
2334
2403
2473
2544
2616
2689
2763
2838
2914
2991
3069
3148
3228
3309
3391
3474
3558
3643
3729
3816
3904
3993
4083
4174
4266
4359
4453
4548
4644
4741
4839
4938
5038
5139
5241
5344
5448
5553
5659
5766
5874
5983
6093
6204
6316
6429
6543
6658
6774
6891
7009
7128
7248
7369
7491
7614
7738
7863
7989
8116
8252
8381
8511
8642
8774
8907
9041
9176
9312
9449
9587
9726
9866
0
11
22
35
48
62
77
102
119
137
156
176
197
219
242
266
291
317
344
372
401
431
462
503
536
570
605
641
678
716
755
795
836
878
921
965
1010
1056
1103
1151
1200
1250
1301
1353
1406
1460
1515
1571
1628
1686
1745
1805
1866
1928
1991
2064
2129
2195
2262
2330
2399
2469
2540
2612
2685
2759
2834
2910
2987
3065
3144
3224
3305
3387
3470
3554
3639
3725
3812
3900
3989
4079
4170
4262
4355
4449
4544
4640
4737
4835
4934
5034
5135
5237
5340
5444
5549
5655
5762
5870
5979
6089
6200
6312
6425
6539
6654
6770
6887
7005
7124
7244
7365
7487
7610
7734
7859
7985
8112
8249
8378
8508
8639
8771
8904
9038
9173
9309
9446
9584
9723
9863
0
11
25
38
52
67
93
110
128
147
167
188
210
233
257
282
308
335
363
392
422
453
495
528
562
597
633
670
708
747
787
828
870
913
957
1002
1048
1095
1143
1192
1242
1293
1345
1398
1452
1507
1563
1620
1678
1737
1797
1858
1920
1983
2057
2122
2188
2255
2323
2392
2462
2533
2605
2678
2752
2827
2903
2980
3058
3137
3217
3298
3380
3463
3547
3632
3718
3805
3893
3982
4072
4163
4255
4348
4442
4537
4633
4730
4828
4927
5027
5128
5230
5333
5437
5542
5648
5755
5863
5972
6082
6193
6305
6418
6532
6647
6763
6880
6998
7117
7237
7358
7480
7603
7727
7852
7978
8105
8243
8372
8502
8633
8765
8898
9032
9167
9303
9440
9578
9717
9857
0
15
28
42
57
84
101
119
138
158
179
201
224
248
273
299
326
354
383
413
444
487
520
554
589
625
662
700
739
779
820
862
905
949
994
1040
1087
1135
1184
1234
1285
1337
1390
1444
1499
1555
1612
1670
1729
1789
1850
1912
1975
2050
2115
2181
2248
2316
2385
2455
2526
2598
2671
2745
2820
2896
2973
3051
3130
3210
3291
3373
3456
3540
3625
3711
3798
3886
3975
4065
4156
4248
4341
4435
4530
4626
4723
4821
4920
5020
5121
5223
5326
5430
5535
5641
5748
5856
5965
6075
6186
6298
6411
6525
6640
6756
6873
6991
7110
7230
7351
7473
7596
7720
7845
7971
8098
8237
8366
8496
8627
8759
8892
9026
9161
9297
9434
9572
9711
9851
0
13
27
42
70
87
105
124
144
165
187
210
234
259
285
312
340
369
399
430
474
507
541
576
612
649
687
726
766
807
849
892
936
981
1027
1074
1122
1171
1221
1272
1324
1377
1431
1486
1542
1599
1657
1716
1776
1837
1899
1962
2038
2103
2169
2236
2304
2373
2443
2514
2586
2659
2733
2808
2884
2961
3039
3118
3198
3279
3361
3444
3528
3613
3699
3786
3874
3963
4053
4144
4236
4329
4423
4518
4614
4711
4809
4908
5008
5109
5211
5314
5418
5523
5629
5736
5844
5953
6063
6174
6286
6399
6513
6628
6744
6861
6979
7098
7218
7339
7461
7584
7708
7833
7959
8086
8226
8355
8485
8616
8748
8881
9015
9150
9286
9423
9561
9700
9840
0
15
30
59
76
94
113
133
154
176
199
223
248
274
301
329
358
388
419
464
497
531
566
602
639
677
716
756
797
839
882
926
971
1017
1064
1112
1161
1211
1262
1314
1367
1421
1476
1532
1589
1647
1706
1766
1827
1889
1952
2029
2094
2160
2227
2295
2364
2434
2505
2577
2650
2724
2799
2875
2952
3030
3109
3189
3270
3352
3435
3519
3604
3690
3777
3865
3954
4044
4135
4227
4320
4414
4509
4605
4702
4800
4899
4999
5100
5202
5305
5409
5514
5620
5727
5835
5944
6054
6165
6277
6390
6504
6619
6735
6852
6970
7089
7209
7330
7452
7575
7699
7824
7950
8077
8218
8347
8477
8608
8740
8873
9007
9142
9278
9415
9553
9692
9832
0
15
45
62
80
99
119
140
162
185
209
234
260
287
315
344
374
405
451
484
518
553
589
626
664
703
743
784
826
869
913
958
1004
1051
1099
1148
1198
1249
1301
1354
1408
1463
1519
1576
1634
1693
1753
1814
1876
1939
2017
2082
2148
2215
2283
2352
2422
2493
2565
2638
2712
2787
2863
2940
3018
3097
3177
3258
3340
3423
3507
3592
3678
3765
3853
3942
4032
4123
4215
4308
4402
4497
4593
4690
4788
4887
4987
5088
5190
5293
5397
5502
5608
5715
5823
5932
6042
6153
6265
6378
6492
6607
6723
6840
6958
7077
7197
7318
7440
7563
7687
7812
7938
8065
8207
8336
8466
8597
8729
8862
8996
9131
9267
9404
9542
9681
9821
0
31
48
66
85
105
126
148
171
195
220
246
273
301
330
360
391
438
471
505
540
576
613
651
690
730
771
813
856
900
945
991
1038
1086
1135
1185
1236
1288
1341
1395
1450
1506
1563
1621
1680
1740
1801
1863
1926
2005
2070
2136
2203
2271
2340
2410
2481
2553
2626
2700
2775
2851
2928
3006
3085
3165
3246
3328
3411
3495
3580
3666
3753
3841
3930
4020
4111
4203
4296
4390
4485
4581
4678
4776
4875
4975
5076
5178
5281
5385
5490
5596
5703
5811
5920
6030
6141
6253
6366
6480
6595
6711
6828
6946
7065
7185
7306
7428
7551
7675
7800
7926
8053
8196
8325
8455
8586
8718
8851
8985
9120
9256
9393
9531
9670
9810
0
17
35
54
74
95
117
140
164
189
215
242
270
299
329
360
408
441
475
510
546
583
621
660
700
741
783
826
870
915
961
1008
1056
1105
1155
1206
1258
1311
1365
1420
1476
1533
1591
1650
1710
1771
1833
1896
1976
2041
2107
2174
2242
2311
2381
2452
2524
2597
2671
2746
2822
2899
2977
3056
3136
3217
3299
3382
3466
3551
3637
3724
3812
3901
3991
4082
4174
4267
4361
4456
4552
4649
4747
4846
4946
5047
5149
5252
5356
5461
5567
5674
5782
5891
6001
6112
6224
6337
6451
6566
6682
6799
6917
7036
7156
7277
7399
7522
7646
7771
7897
8024
8168
8297
8427
8558
8690
8823
8957
9092
9228
9365
9503
9642
9782
0
19
38
59
80
102
125
150
175
201
228
256
285
315
346
395
428
462
497
533
570
608
647
687
728
770
813
857
902
948
995
1043
1092
1142
1193
1245
1298
1352
1407
1463
1520
1578
1637
1697
1758
1820
1883
1964
2029
2095
2162
2230
2299
2369
2440
2512
2585
2659
2734
2810
2887
2965
3044
3124
3205
3287
3370
3454
3539
3625
3712
3800
3889
3979
4070
4162
4255
4349
4444
4540
4637
4735
4834
4934
5035
5137
5240
5344
5449
5555
5662
5770
5879
5989
6100
6212
6325
6439
6554
6670
6787
6905
7024
7144
7265
7387
7510
7634
7759
7885
8012
8157
8286
8416
8547
8679
8812
8946
9081
9217
9354
9492
9631
9771
0
19
41
62
84
107
133
158
184
211
239
268
298
329
379
412
446
481
517
554
592
631
671
712
754
797
841
886
932
979
1027
1076
1126
1177
1229
1282
1336
1391
1447
1504
1562
1621
1681
1742
1804
1867
1949
2014
2080
2147
2215
2284
2354
2425
2497
2570
2644
2719
2795
2872
2950
3029
3109
3190
3272
3355
3439
3524
3610
3697
3785
3874
3964
4055
4147
4240
4334
4429
4525
4622
4720
4819
4919
5020
5122
5225
5329
5434
5540
5647
5755
5864
5974
6085
6197
6310
6424
6539
6655
6772
6890
7009
7129
7250
7372
7495
7619
7744
7870
7997
8143
8272
8402
8533
8665
8798
8932
9067
9203
9340
9478
9617
9757
0
23
44
66
89
116
141
167
194
222
251
281
312
363
396
430
465
501
538
576
615
655
696
738
781
825
870
916
963
1011
1060
1110
1161
1213
1266
1320
1375
1431
1488
1546
1605
1665
1726
1788
1851
1934
1999
2065
2132
2200
2269
2339
2410
2482
2555
2629
2704
2780
2857
2935
3014
3094
3175
3257
3340
3424
3509
3595
3682
3770
3859
3949
4040
4132
4225
4319
4414
4510
4607
4705
4804
4904
5005
5107
5210
5314
5419
5525
5632
5740
5849
5959
6070
6182
6295
6409
6524
6640
6757
6875
6994
7114
7235
7357
7480
7604
7729
7855
7982
8129
8258
8388
8519
8651
8784
8918
9053
9189
9326
9464
9603
9743
0
21
43
66
94
119
145
172
200
229
259
290
342
375
409
444
480
517
555
594
634
675
717
760
804
849
895
942
990
1039
1089
1140
1192
1245
1299
1354
1410
1467
1525
1584
1644
1705
1767
1830
1914
1979
2045
2112
2180
2249
2319
2390
2462
2535
2609
2684
2760
2837
2915
2994
3074
3155
3237
3320
3404
3489
3575
3662
3750
3839
3929
4020
4112
4205
4299
4394
4490
4587
4685
4784
4884
4985
5087
5190
5294
5399
5505
5612
5720
5829
5939
6050
6162
6275
6389
6504
6620
6737
6855
6974
7094
7215
7337
7460
7584
7709
7835
7962
8110
8239
8369
8500
8632
8765
8899
9034
9170
9307
9445
9584
9724
0
23
46
75
100
126
153
181
210
240
271
324
357
391
426
462
499
537
576
616
657
699
742
786
831
877
924
972
1021
1071
1122
1174
1227
1281
1336
1392
1449
1507
1566
1626
1687
1749
1812
1897
1962
2028
2095
2163
2232
2302
2373
2445
2518
2592
2667
2743
2820
2898
2977
3057
3138
3220
3303
3387
3472
3558
3645
3733
3822
3912
4003
4095
4188
4282
4377
4473
4570
4668
4767
4867
4968
5070
5173
5277
5382
5488
5595
5703
5812
5922
6033
6145
6258
6372
6487
6603
6720
6838
6957
7077
7198
7320
7443
7567
7692
7818
7945
8094
8223
8353
8484
8616
8749
8883
9018
9154
9291
9429
9568
9708
0
23
53
78
104
131
159
188
218
249
303
336
370
405
441
478
516
555
595
636
678
721
765
810
856
903
951
1000
1050
1101
1153
1206
1260
1315
1371
1428
1486
1545
1605
1666
1728
1791
1877
1942
2008
2075
2143
2212
2282
2353
2425
2498
2572
2647
2723
2800
2878
2957
3037
3118
3200
3283
3367
3452
3538
3625
3713
3802
3892
3983
4075
4168
4262
4357
4453
4550
4648
4747
4847
4948
5050
5153
5257
5362
5468
5575
5683
5792
5902
6013
6125
6238
6352
6467
6583
6700
6818
6937
7057
7178
7300
7423
7547
7672
7798
7925
8075
8204
8334
8465
8597
8730
8864
8999
9135
9272
9410
9549
9689
0
31
56
82
109
137
166
196
227
282
315
349
384
420
457
495
534
574
615
657
700
744
789
835
882
930
979
1029
1080
1132
1185
1239
1294
1350
1407
1465
1524
1584
1645
1707
1770
1857
1922
1988
2055
2123
2192
2262
2333
2405
2478
2552
2627
2703
2780
2858
2937
3017
3098
3180
3263
3347
3432
3518
3605
3693
3782
3872
3963
4055
4148
4242
4337
4433
4530
4628
4727
4827
4928
5030
5133
5237
5342
5448
5555
5663
5772
5882
5993
6105
6218
6332
6447
6563
6680
6798
6917
7037
7158
7280
7403
7527
7652
7778
7905
8056
8185
8315
8446
8578
8711
8845
8980
9116
9253
9391
9530
9670
0
25
51
78
106
135
165
196
252
285
319
354
390
427
465
504
544
585
627
670
714
759
805
852
900
949
999
1050
1102
1155
1209
1264
1320
1377
1435
1494
1554
1615
1677
1740
1828
1893
1959
2026
2094
2163
2233
2304
2376
2449
2523
2598
2674
2751
2829
2908
2988
3069
3151
3234
3318
3403
3489
3576
3664
3753
3843
3934
4026
4119
4213
4308
4404
4501
4599
4698
4798
4899
5001
5104
5208
5313
5419
5526
5634
5743
5853
5964
6076
6189
6303
6418
6534
6651
6769
6888
7008
7129
7251
7374
7498
7623
7749
7876
8028
8157
8287
8418
8550
8683
8817
8952
9088
9225
9363
9502
9642
0
27
54
83
112
142
173
230
263
297
332
368
405
443
482
522
563
605
648
692
737
783
830
878
927
977
1028
1080
1133
1187
1242
1298
1355
1413
1472
1532
1593
1655
1718
1807
1872
1938
2005
2073
2142
2212
2283
2355
2428
2502
2577
2653
2730
2808
2887
2967
3048
3130
3213
3297
3382
3468
3555
3643
3732
3822
3913
4005
4098
4192
4287
4383
4480
4578
4677
4777
4878
4980
5083
5187
5292
5398
5505
5613
5722
5832
5943
6055
6168
6282
6397
6513
6630
6748
6867
6987
7108
7230
7353
7477
7602
7728
7855
8008
8137
8267
8398
8530
8663
8797
8932
9068
9205
9343
9482
9622
0
27
57
86
116
147
205
238
272
307
343
380
418
457
497
538
580
623
667
712
758
805
853
902
952
1003
1055
1108
1162
1217
1273
1330
1388
1447
1507
1568
1630
1693
1783
1848
1914
1981
2049
2118
2188
2259
2331
2404
2478
2553
2629
2706
2784
2863
2943
3024
3106
3189
3273
3358
3444
3531
3619
3708
3798
3889
3981
4074
4168
4263
4359
4456
4554
4653
4753
4854
4956
5059
5163
5268
5374
5481
5589
5698
5808
5919
6031
6144
6258
6373
6489
6606
6724
6843
6963
7084
7206
7329
7453
7578
7704
7831
7985
8114
8244
8375
8507
8640
8774
8909
9045
9182
9320
9459
9599
0
31
60
90
121
180
213
247
282
318
355
393
432
472
513
555
598
642
687
733
780
828
877
927
978
1030
1083
1137
1192
1248
1305
1363
1422
1482
1543
1605
1668
1759
1824
1890
1957
2025
2094
2164
2235
2307
2380
2454
2529
2605
2682
2760
2839
2919
3000
3082
3165
3249
3334
3420
3507
3595
3684
3774
3865
3957
4050
4144
4239
4335
4432
4530
4629
4729
4830
4932
5035
5139
5244
5350
5457
5565
5674
5784
5895
6007
6120
6234
6349
6465
6582
6700
6819
6939
7060
7182
7305
7429
7554
7680
7807
7962
8091
8221
8352
8484
8617
8751
8886
9022
9159
9297
9436
9576
0
29
59
90
150
183
217
252
288
325
363
402
442
483
525
568
612
657
703
750
798
847
897
948
1000
1053
1107
1162
1218
1275
1333
1392
1452
1513
1575
1638
1730
1795
1861
1928
1996
2065
2135
2206
2278
2351
2425
2500
2576
2653
2731
2810
2890
2971
3053
3136
3220
3305
3391
3478
3566
3655
3745
3836
3928
4021
4115
4210
4306
4403
4501
4600
4700
4801
4903
5006
5110
5215
5321
5428
5536
5645
5755
5866
5978
6091
6205
6320
6436
6553
6671
6790
6910
7031
7153
7276
7400
7525
7651
7778
7934
8063
8193
8324
8456
8589
8723
8858
8994
9131
9269
9408
9548
0
31
62
123
156
190
225
261
298
336
375
415
456
498
541
585
630
676
723
771
820
870
921
973
1026
1080
1135
1191
1248
1306
1365
1425
1486
1548
1611
1704
1769
1835
1902
1970
2039
2109
2180
2252
2325
2399
2474
2550
2627
2705
2784
2864
2945
3027
3110
3194
3279
3365
3452
3540
3629
3719
3810
3902
3995
4089
4184
4280
4377
4475
4574
4674
4775
4877
4980
5084
5189
5295
5402
5510
5619
5729
5840
5952
6065
6179
6294
6410
6527
6645
6764
6884
7005
7127
7250
7374
7499
7625
7752
7909
8038
8168
8299
8431
8564
8698
8833
8969
9106
9244
9383
9523
0
31
93
126
160
195
231
268
306
345
385
426
468
511
555
600
646
693
741
790
840
891
943
996
1050
1105
1161
1218
1276
1335
1395
1456
1518
1581
1675
1740
1806
1873
1941
2010
2080
2151
2223
2296
2370
2445
2521
2598
2676
2755
2835
2916
2998
3081
3165
3250
3336
3423
3511
3600
3690
3781
3873
3966
4060
4155
4251
4348
4446
4545
4645
4746
4848
4951
5055
5160
5266
5373
5481
5590
5700
5811
5923
6036
6150
6265
6381
6498
6616
6735
6855
6976
7098
7221
7345
7470
7596
7723
7881
8010
8140
8271
8403
8536
8670
8805
8941
9078
9216
9355
9495
0
63
96
130
165
201
238
276
315
355
396
438
481
525
570
616
663
711
760
810
861
913
966
1020
1075
1131
1188
1246
1305
1365
1426
1488
1551
1646
1711
1777
1844
1912
1981
2051
2122
2194
2267
2341
2416
2492
2569
2647
2726
2806
2887
2969
3052
3136
3221
3307
3394
3482
3571
3661
3752
3844
3937
4031
4126
4222
4319
4417
4516
4616
4717
4819
4922
5026
5131
5237
5344
5452
5561
5671
5782
5894
6007
6121
6236
6352
6469
6587
6706
6826
6947
7069
7192
7316
7441
7567
7694
7853
7982
8112
8243
8375
8508
8642
8777
8913
9050
9188
9327
9467
0
33
67
102
138
175
213
252
292
333
375
418
462
507
553
600
648
697
747
798
850
903
957
1012
1068
1125
1183
1242
1302
1363
1425
1488
1584
1649
1715
1782
1850
1919
1989
2060
2132
2205
2279
2354
2430
2507
2585
2664
2744
2825
2907
2990
3074
3159
3245
3332
3420
3509
3599
3690
3782
3875
3969
4064
4160
4257
4355
4454
4554
4655
4757
4860
4964
5069
5175
5282
5390
5499
5609
5720
5832
5945
6059
6174
6290
6407
6525
6644
6764
6885
7007
7130
7254
7379
7505
7632
7792
7921
8051
8182
8314
8447
8581
8716
8852
8989
9127
9266
9406
0
35
70
107
144
182
221
262
303
345
388
432
477
523
570
619
668
718
769
821
874
928
983
1039
1096
1154
1213
1273
1334
1396
1459
1556
1621
1687
1754
1822
1891
1961
2032
2104
2177
2251
2326
2402
2479
2557
2636
2716
2797
2879
2962
3046
3131
3217
3304
3392
3481
3571
3662
3754
3847
3941
4036
4132
4229
4327
4426
4526
4627
4729
4832
4936
5041
5147
5254
5362
5471
5581
5692
5804
5917
6031
6146
6262
6379
6497
6616
6736
6857
6979
7102
7226
7351
7477
7604
7765
7894
8024
8155
8287
8420
8554
8689
8825
8962
9100
9239
9379
0
35
73
110
148
187
229
270
312
355
399
444
490
537
587
636
686
737
789
842
896
951
1007
1064
1122
1181
1241
1302
1364
1427
1525
1590
1656
1723
1791
1860
1930
2001
2073
2146
2220
2295
2371
2448
2526
2605
2685
2766
2848
2931
3015
3100
3186
3273
3361
3450
3540
3631
3723
3816
3910
4005
4101
4198
4296
4395
4495
4596
4698
4801
4905
5010
5116
5223
5331
5440
5550
5661
5773
5886
6000
6115
6231
6348
6466
6585
6705
6826
6948
7071
7195
7320
7446
7573
7735
7864
7994
8125
8257
8390
8524
8659
8795
8932
9070
9209
9349
0
39
76
114
153
196
237
279
322
366
411
457
504
555
604
654
705
757
810
864
919
975
1032
1090
1149
1209
1270
1332
1395
1494
1559
1625
1692
1760
1829
1899
1970
2042
2115
2189
2264
2340
2417
2495
2574
2654
2735
2817
2900
2984
3069
3155
3242
3330
3419
3509
3600
3692
3785
3879
3974
4070
4167
4265
4364
4464
4565
4667
4770
4874
4979
5085
5192
5300
5409
5519
5630
5742
5855
5969
6084
6200
6317
6435
6554
6674
6795
6917
7040
7164
7289
7415
7542
7705
7834
7964
8095
8227
8360
8494
8629
8765
8902
9040
9179
9319
0
37
75
114
158
199
241
284
328
373
419
466
518
567
617
668
720
773
827
882
938
995
1053
1112
1172
1233
1295
1358
1458
1523
1589
1656
1724
1793
1863
1934
2006
2079
2153
2228
2304
2381
2459
2538
2618
2699
2781
2864
2948
3033
3119
3206
3294
3383
3473
3564
3656
3749
3843
3938
4034
4131
4229
4328
4428
4529
4631
4734
4838
4943
5049
5156
5264
5373
5483
5594
5706
5819
5933
6048
6164
6281
6399
6518
6638
6759
6881
7004
7128
7253
7379
7506
7670
7799
7929
8060
8192
8325
8459
8594
8730
8867
9005
9144
9284
0
39
78
123
164
206
249
293
338
384
431
484
533
583
634
686
739
793
848
904
961
1019
1078
1138
1199
1261
1324
1425
1490
1556
1623
1691
1760
1830
1901
1973
2046
2120
2195
2271
2348
2426
2505
2585
2666
2748
2831
2915
3000
3086
3173
3261
3350
3440
3531
3623
3716
3810
3905
4001
4098
4196
4295
4395
4496
4598
4701
4805
4910
5016
5123
5231
5340
5450
5561
5673
5786
5900
6015
6131
6248
6366
6485
6605
6726
6848
6971
7095
7220
7346
7473
7638
7767
7897
8028
8160
8293
8427
8562
8698
8835
8973
9112
9252
0
39
85
126
168
211
255
300
346
393
447
496
546
597
649
702
756
811
867
924
982
1041
1101
1162
1224
1287
1389
1454
1520
1587
1655
1724
1794
1865
1937
2010
2084
2159
2235
2312
2390
2469
2549
2630
2712
2795
2879
2964
3050
3137
3225
3314
3404
3495
3587
3680
3774
3869
3965
4062
4160
4259
4359
4460
4562
4665
4769
4874
4980
5087
5195
5304
5414
5525
5637
5750
5864
5979
6095
6212
6330
6449
6569
6690
6812
6935
7059
7184
7310
7437
7603
7732
7862
7993
8125
8258
8392
8527
8663
8800
8938
9077
9217
0
47
88
130
173
217
262
308
355
410
459
509
560
612
665
719
774
830
887
945
1004
1064
1125
1187
1250
1353
1418
1484
1551
1619
1688
1758
1829
1901
1974
2048
2123
2199
2276
2354
2433
2513
2594
2676
2759
2843
2928
3014
3101
3189
3278
3368
3459
3551
3644
3738
3833
3929
4026
4124
4223
4323
4424
4526
4629
4733
4838
4944
5051
5159
5268
5378
5489
5601
5714
5828
5943
6059
6176
6294
6413
6533
6654
6776
6899
7023
7148
7274
7401
7568
7697
7827
7958
8090
8223
8357
8492
8628
8765
8903
9042
9182
0
41
83
126
170
215
261
308
364
413
463
514
566
619
673
728
784
841
899
958
1018
1079
1141
1204
1308
1373
1439
1506
1574
1643
1713
1784
1856
1929
2003
2078
2154
2231
2309
2388
2468
2549
2631
2714
2798
2883
2969
3056
3144
3233
3323
3414
3506
3599
3693
3788
3884
3981
4079
4178
4278
4379
4481
4584
4688
4793
4899
5006
5114
5223
5333
5444
5556
5669
5783
5898
6014
6131
6249
6368
6488
6609
6731
6854
6978
7103
7229
7356
7524
7653
7783
7914
8046
8179
8313
8448
8584
8721
8859
8998
9138
0
43
86
131
176
222
269
326
375
425
476
528
581
635
690
746
803
861
920
980
1041
1103
1166
1271
1336
1402
1469
1537
1606
1676
1747
1819
1892
1966
2041
2117
2194
2272
2351
2431
2512
2594
2677
2761
2846
2932
3019
3107
3196
3286
3377
3469
3562
3656
3751
3847
3944
4042
4141
4241
4342
4444
4547
4651
4756
4862
4969
5077
5186
5296
5407
5519
5632
5746
5861
5977
6094
6212
6331
6451
6572
6694
6817
6941
7066
7192
7319
7488
7617
7747
7878
8010
8143
8277
8412
8548
8685
8823
8962
9102
0
43
89
134
180
227
285
334
384
435
487
540
594
649
705
762
820
879
939
1000
1062
1125
1231
1296
1362
1429
1497
1566
1636
1707
1779
1852
1926
2001
2077
2154
2232
2311
2391
2472
2554
2637
2721
2806
2892
2979
3067
3156
3246
3337
3429
3522
3616
3711
3807
3904
4002
4101
4201
4302
4404
4507
4611
4716
4822
4929
5037
5146
5256
5367
5479
5592
5706
5821
5937
6054
6172
6291
6411
6532
6654
6777
6901
7026
7152
7279
7449
7578
7708
7839
7971
8104
8238
8373
8509
8646
8784
8923
9063
0
47
92
138
185
244
293
343
394
446
499
553
608
664
721
779
838
898
959
1021
1084
1191
1256
1322
1389
1457
1526
1596
1667
1739
1812
1886
1961
2037
2114
2192
2271
2351
2432
2514
2597
2681
2766
2852
2939
3027
3116
3206
3297
3389
3482
3576
3671
3767
3864
3962
4061
4161
4262
4364
4467
4571
4676
4782
4889
4997
5106
5216
5327
5439
5552
5666
5781
5897
6014
6132
6251
6371
6492
6614
6737
6861
6986
7112
7239
7410
7539
7669
7800
7932
8065
8199
8334
8470
8607
8745
8884
9024
0
45
91
138
198
247
297
348
400
453
507
562
618
675
733
792
852
913
975
1038
1146
1211
1277
1344
1412
1481
1551
1622
1694
1767
1841
1916
1992
2069
2147
2226
2306
2387
2469
2552
2636
2721
2807
2894
2982
3071
3161
3252
3344
3437
3531
3626
3722
3819
3917
4016
4116
4217
4319
4422
4526
4631
4737
4844
4952
5061
5171
5282
5394
5507
5621
5736
5852
5969
6087
6206
6326
6447
6569
6692
6816
6941
7067
7194
7366
7495
7625
7756
7888
8021
8155
8290
8426
8563
8701
8840
8980
0
47
94
155
204
254
305
357
410
464
519
575
632
690
749
809
870
932
995
1104
1169
1235
1302
1370
1439
1509
1580
1652
1725
1799
1874
1950
2027
2105
2184
2264
2345
2427
2510
2594
2679
2765
2852
2940
3029
3119
3210
3302
3395
3489
3584
3680
3777
3875
3974
4074
4175
4277
4380
4484
4589
4695
4802
4910
5019
5129
5240
5352
5465
5579
5694
5810
5927
6045
6164
6284
6405
6527
6650
6774
6899
7025
7152
7325
7454
7584
7715
7847
7980
8114
8249
8385
8522
8660
8799
8939
0
47
109
158
208
259
311
364
418
473
529
586
644
703
763
824
886
949
1059
1124
1190
1257
1325
1394
1464
1535
1607
1680
1754
1829
1905
1982
2060
2139
2219
2300
2382
2465
2549
2634
2720
2807
2895
2984
3074
3165
3257
3350
3444
3539
3635
3732
3830
3929
4029
4130
4232
4335
4439
4544
4650
4757
4865
4974
5084
5195
5307
5420
5534
5649
5765
5882
6000
6119
6239
6360
6482
6605
6729
6854
6980
7107
7281
7410
7540
7671
7803
7936
8070
8205
8341
8478
8616
8755
8895
0
63
112
162
213
265
318
372
427
483
540
598
657
717
778
840
903
1014
1079
1145
1212
1280
1349
1419
1490
1562
1635
1709
1784
1860
1937
2015
2094
2174
2255
2337
2420
2504
2589
2675
2762
2850
2939
3029
3120
3212
3305
3399
3494
3590
3687
3785
3884
3984
4085
4187
4290
4394
4499
4605
4712
4820
4929
5039
5150
5262
5375
5489
5604
5720
5837
5955
6074
6194
6315
6437
6560
6684
6809
6935
7062
7237
7366
7496
7627
7759
7892
8026
8161
8297
8434
8572
8711
8851
0
49
99
150
202
255
309
364
420
477
535
594
654
715
777
840
952
1017
1083
1150
1218
1287
1357
1428
1500
1573
1647
1722
1798
1875
1953
2032
2112
2193
2275
2358
2442
2527
2613
2700
2788
2877
2967
3058
3150
3243
3337
3432
3528
3625
3723
3822
3922
4023
4125
4228
4332
4437
4543
4650
4758
4867
4977
5088
5200
5313
5427
5542
5658
5775
5893
6012
6132
6253
6375
6498
6622
6747
6873
7000
7176
7305
7435
7566
7698
7831
7965
8100
8236
8373
8511
8650
8790
0
51
102
155
208
262
317
374
431
489
548
608
669
731
794
907
972
1038
1105
1173
1242
1312
1383
1455
1528
1602
1677
1753
1830
1908
1987
2067
2148
2230
2313
2397
2482
2568
2655
2743
2832
2922
3013
3105
3198
3292
3387
3483
3580
3678
3777
3877
3978
4080
4183
4287
4392
4498
4605
4713
4822
4932
5043
5155
5268
5382
5497
5613
5730
5848
5967
6087
6208
6330
6453
6577
6702
6828
6955
7132
7261
7391
7522
7654
7787
7921
8056
8192
8329
8467
8606
8746
0
51
105
158
212
267
325
382
440
499
559
620
682
745
859
924
990
1057
1125
1194
1264
1335
1407
1480
1554
1629
1705
1782
1860
1939
2019
2100
2182
2265
2349
2434
2520
2607
2695
2784
2874
2965
3057
3150
3244
3339
3435
3532
3630
3729
3829
3930
4032
4135
4239
4344
4450
4557
4665
4774
4884
4995
5107
5220
5334
5449
5565
5682
5800
5919
6039
6160
6282
6405
6529
6654
6780
6907
7085
7214
7344
7475
7607
7740
7874
8009
8145
8282
8420
8559
8699
0
55
108
162
217
276
333
391
450
510
571
633
696
811
876
942
1009
1077
1146
1216
1287
1359
1432
1506
1581
1657
1734
1812
1891
1971
2052
2134
2217
2301
2386
2472
2559
2647
2736
2826
2917
3009
3102
3196
3291
3387
3484
3582
3681
3781
3882
3984
4087
4191
4296
4402
4509
4617
4726
4836
4947
5059
5172
5286
5401
5517
5634
5752
5871
5991
6112
6234
6357
6481
6606
6732
6859
7038
7167
7297
7428
7560
7693
7827
7962
8098
8235
8373
8512
8652
0
53
107
162
222
279
337
396
456
517
579
642
758
823
889
956
1024
1093
1163
1234
1306
1379
1453
1528
1604
1681
1759
1838
1918
1999
2081
2164
2248
2333
2419
2506
2594
2683
2773
2864
2956
3049
3143
3238
3334
3431
3529
3628
3728
3829
3931
4034
4138
4243
4349
4456
4564
4673
4783
4894
5006
5119
5233
5348
5464
5581
5699
5818
5938
6059
6181
6304
6428
6553
6679
6806
6986
7115
7245
7376
7508
7641
7775
7910
8046
8183
8321
8460
8600
0
55
110
171
228
286
345
405
466
528
591
708
773
839
906
974
1043
1113
1184
1256
1329
1403
1478
1554
1631
1709
1788
1868
1949
2031
2114
2198
2283
2369
2456
2544
2633
2723
2814
2906
2999
3093
3188
3284
3381
3479
3578
3678
3779
3881
3984
4088
4193
4299
4406
4514
4623
4733
4844
4956
5069
5183
5298
5414
5531
5649
5768
5888
6009
6131
6254
6378
6503
6629
6756
6937
7066
7196
7327
7459
7592
7726
7861
7997
8134
8272
8411
8551
0
55
117
174
232
291
351
412
474
537
655
720
786
853
921
990
1060
1131
1203
1276
1350
1425
1501
1578
1656
1735
1815
1896
1978
2061
2145
2230
2316
2403
2491
2580
2670
2761
2853
2946
3040
3135
3231
3328
3426
3525
3625
3726
3828
3931
4035
4140
4246
4353
4461
4570
4680
4791
4903
5016
5130
5245
5361
5478
5596
5715
5835
5956
6078
6201
6325
6450
6576
6703
6885
7014
7144
7275
7407
7540
7674
7809
7945
8082
8220
8359
8499
0
63
120
178
237
297
358
420
483
602
667
733
800
868
937
1007
1078
1150
1223
1297
1372
1448
1525
1603
1682
1762
1843
1925
2008
2092
2177
2263
2350
2438
2527
2617
2708
2800
2893
2987
3082
3178
3275
3373
3472
3572
3673
3775
3878
3982
4087
4193
4300
4408
4517
4627
4738
4850
4963
5077
5192
5308
5425
5543
5662
5782
5903
6025
6148
6272
6397
6523
6650
6833
6962
7092
7223
7355
7488
7622
7757
7893
8030
8168
8307
8447
0
57
115
174
234
295
357
420
540
605
671
738
806
875
945
1016
1088
1161
1235
1310
1386
1463
1541
1620
1700
1781
1863
1946
2030
2115
2201
2288
2376
2465
2555
2646
2738
2831
2925
3020
3116
3213
3311
3410
3510
3611
3713
3816
3920
4025
4131
4238
4346
4455
4565
4676
4788
4901
5015
5130
5246
5363
5481
5600
5720
5841
5963
6086
6210
6335
6461
6588
6772
6901
7031
7162
7294
7427
7561
7696
7832
7969
8107
8246
8386
0
59
118
179
240
302
365
486
551
617
684
752
821
891
962
1034
1107
1181
1256
1332
1409
1487
1566
1646
1727
1809
1892
1976
2061
2147
2234
2322
2411
2501
2592
2684
2777
2871
2966
3062
3159
3257
3356
3456
3557
3659
3762
3866
3971
4077
4184
4292
4401
4511
4622
4734
4847
4961
5076
5192
5309
5427
5546
5666
5787
5909
6032
6156
6281
6407
6534
6719
6848
6978
7109
7241
7374
7508
7643
7779
7916
8054
8193
8333
0
59
121
182
244
307
429
494
560
627
695
764
834
905
977
1050
1124
1199
1275
1352
1430
1509
1589
1670
1752
1835
1919
2004
2090
2177
2265
2354
2444
2535
2627
2720
2814
2909
3005
3102
3200
3299
3399
3500
3602
3705
3809
3914
4020
4127
4235
4344
4454
4565
4677
4790
4904
5019
5135
5252
5370
5489
5609
5730
5852
5975
6099
6224
6350
6477
6663
6792
6922
7053
7185
7318
7452
7587
7723
7860
7998
8137
8277
0
63
124
186
249
372
437
503
570
638
707
777
848
920
993
1067
1142
1218
1295
1373
1452
1532
1613
1695
1778
1862
1947
2033
2120
2208
2297
2387
2478
2570
2663
2757
2852
2948
3045
3143
3242
3342
3443
3545
3648
3752
3857
3963
4070
4178
4287
4397
4508
4620
4733
4847
4962
5078
5195
5313
5432
5552
5673
5795
5918
6042
6167
6293
6420
6607
6736
6866
6997
7129
7262
7396
7531
7667
7804
7942
8081
8221
0
61
123
186
310
375
441
508
576
645
715
786
858
931
1005
1080
1156
1233
1311
1390
1470
1551
1633
1716
1800
1885
1971
2058
2146
2235
2325
2416
2508
2601
2695
2790
2886
2983
3081
3180
3280
3381
3483
3586
3690
3795
3901
4008
4116
4225
4335
4446
4558
4671
4785
4900
5016
5133
5251
5370
5490
5611
5733
5856
5980
6105
6231
6358
6546
6675
6805
6936
7068
7201
7335
7470
7606
7743
7881
8020
8160
0
63
126
251
316
382
449
517
586
656
727
799
872
946
1021
1097
1174
1252
1331
1411
1492
1574
1657
1741
1826
1912
1999
2087
2176
2266
2357
2449
2542
2636
2731
2827
2924
3022
3121
3221
3322
3424
3527
3631
3736
3842
3949
4057
4166
4276
4387
4499
4612
4726
4841
4957
5074
5192
5311
5431
5552
5674
5797
5921
6046
6172
6299
6488
6617
6747
6878
7010
7143
7277
7412
7548
7685
7823
7962
8102
0
63
189
254
320
387
455
524
594
665
737
810
884
959
1035
1112
1190
1269
1349
1430
1512
1595
1679
1764
1850
1937
2025
2114
2204
2295
2387
2480
2574
2669
2765
2862
2960
3059
3159
3260
3362
3465
3569
3674
3780
3887
3995
4104
4214
4325
4437
4550
4664
4779
4895
5012
5130
5249
5369
5490
5612
5735
5859
5984
6110
6237
6427
6556
6686
6817
6949
7082
7216
7351
7487
7624
7762
7901
8041
0
127
192
258
325
393
462
532
603
675
748
822
897
973
1050
1128
1207
1287
1368
1450
1533
1617
1702
1788
1875
1963
2052
2142
2233
2325
2418
2512
2607
2703
2800
2898
2997
3097
3198
3300
3403
3507
3612
3718
3825
3933
4042
4152
4263
4375
4488
4602
4717
4833
4950
5068
5187
5307
5428
5550
5673
5797
5922
6048
6175
6366
6495
6625
6756
6888
7021
7155
7290
7426
7563
7701
7840
7980
0
65
131
198
266
335
405
476
548
621
695
770
846
923
1001
1080
1160
1241
1323
1406
1490
1575
1661
1748
1836
1925
2015
2106
2198
2291
2385
2480
2576
2673
2771
2870
2970
3071
3173
3276
3380
3485
3591
3698
3806
3915
4025
4136
4248
4361
4475
4590
4706
4823
4941
5060
5180
5301
5423
5546
5670
5795
5921
6048
6240
6369
6499
6630
6762
6895
7029
7164
7300
7437
7575
7714
7854
0
67
134
203
272
342
413
486
559
633
708
784
861
939
1018
1099
1180
1262
1345
1429
1514
1600
1687
1775
1864
1954
2045
2137
2230
2324
2419
2516
2613
2711
2810
2910
3011
3113
3216
3320
3425
3531
3638
3746
3855
3965
4076
4188
4301
4415
4530
4646
4763
4881
5000
5120
5241
5363
5486
5610
5735
5861
5988
6181
6310
6440
6571
6703
6836
6970
7105
7241
7378
7516
7655
7795
0
67
137
206
276
347
421
494
568
643
719
796
874
953
1035
1116
1198
1281
1365
1450
1536
1623
1711
1800
1890
1981
2073
2166
2260
2355
2453
2550
2648
2747
2847
2948
3050
3153
3257
3362
3468
3575
3683
3792
3902
4013
4125
4238
4352
4467
4583
4700
4818
4937
5057
5178
5300
5423
5547
5672
5798
5925
6119
6248
6378
6509
6641
6774
6908
7043
7179
7316
7454
7593
7733
0
71
140
210
281
356
429
503
578
654
731
809
888
971
1052
1134
1217
1301
1386
1472
1559
1647
1736
1826
1917
2009
2102
2196
2291
2390
2487
2585
2684
2784
2885
2987
3090
3194
3299
3405
3512
3620
3729
3839
3950
4062
4175
4289
4404
4520
4637
4755
4874
4994
5115
5237
5360
5484
5609
5735
5862
6057
6186
6316
6447
6579
6712
6846
6981
7117
7254
7392
7531
7671
0
69
139
210
286
359
433
508
584
661
739
818
902
983
1065
1148
1232
1317
1403
1490
1578
1667
1757
1848
1940
2033
2127
2222
2322
2419
2517
2616
2716
2817
2919
3022
3126
3231
3337
3444
3552
3661
3771
3882
3994
4107
4221
4336
4452
4569
4687
4806
4926
5047
5169
5292
5416
5541
5667
5794
5990
6119
6249
6380
6512
6645
6779
6914
7050
7187
7325
7464
7604
0
71
142
219
292
366
441
517
594
672
751
836
917
999
1082
1166
1251
1337
1424
1512
1601
1691
1782
1874
1967
2061
2156
2257
2354
2452
2551
2651
2752
2854
2957
3061
3166
3272
3379
3487
3596
3706
3817
3929
4042
4156
4271
4387
4504
4622
4741
4861
4982
5104
5227
5351
5476
5602
5729
5926
6055
6185
6316
6448
6581
6715
6850
6986
7123
7261
7400
7540
0
71
149
222
296
371
447
524
602
681
767
848
930
1013
1097
1182
1268
1355
1443
1532
1622
1713
1805
1898
1992
2087
2189
2286
2384
2483
2583
2684
2786
2889
2993
3098
3204
3311
3419
3528
3638
3749
3861
3974
4088
4203
4319
4436
4554
4673
4793
4914
5036
5159
5283
5408
5534
5661
5859
5988
6118
6249
6381
6514
6648
6783
6919
7056
7194
7333
7473
0
79
152
226
301
377
454
532
611
698
779
861
944
1028
1113
1199
1286
1374
1463
1553
1644
1736
1829
1923
2018
2121
2218
2316
2415
2515
2616
2718
2821
2925
3030
3136
3243
3351
3460
3570
3681
3793
3906
4020
4135
4251
4368
4486
4605
4725
4846
4968
5091
5215
5340
5466
5593
5792
5921
6051
6182
6314
6447
6581
6716
6852
6989
7127
7266
7406
0
73
147
222
298
375
453
532
620
701
783
866
950
1035
1121
1208
1296
1385
1475
1566
1658
1751
1845
1940
2044
2141
2239
2338
2438
2539
2641
2744
2848
2953
3059
3166
3274
3383
3493
3604
3716
3829
3943
4058
4174
4291
4409
4528
4648
4769
4891
5014
5138
5263
5389
5516
5716
5845
5975
6106
6238
6371
6505
6640
6776
6913
7051
7190
7330
0
75
150
227
304
382
461
550
631
713
796
880
965
1051
1138
1226
1315
1405
1496
1588
1681
1775
1870
1975
2072
2170
2269
2369
2470
2572
2675
2779
2884
2990
3097
3205
3314
3424
3535
3647
3760
3874
3989
4105
4222
4340
4459
4579
4700
4822
4945
5069
5194
5320
5447
5648
5777
5907
6038
6170
6303
6437
6572
6708
6845
6983
7122
7262
0
75
153
230
308
387
477
558
640
723
807
892
978
1065
1153
1242
1332
1423
1515
1608
1702
1797
1903
2000
2098
2197
2297
2398
2500
2603
2707
2812
2918
3025
3133
3242
3352
3463
3575
3688
3802
3917
4033
4150
4268
4387
4507
4628
4750
4873
4997
5122
5248
5375
5577
5706
5836
5967
6099
6232
6366
6501
6637
6774
6912
7051
7191
0
79
156
234
313
404
485
567
650
734
819
905
992
1080
1169
1259
1350
1442
1535
1629
1724
1831
1928
2026
2125
2225
2326
2428
2531
2635
2740
2846
2953
3061
3170
3280
3391
3503
3616
3730
3845
3961
4078
4196
4315
4435
4556
4678
4801
4925
5050
5176
5303
5506
5635
5765
5896
6028
6161
6295
6430
6566
6703
6841
6980
7120
0
77
155
234
326
407
489
572
656
741
827
914
1002
1091
1181
1272
1364
1457
1551
1646
1754
1851
1949
2048
2148
2249
2351
2454
2558
2663
2769
2876
2984
3093
3203
3314
3426
3539
3653
3768
3884
4001
4119
4238
4358
4479
4601
4724
4848
4973
5099
5226
5430
5559
5689
5820
5952
6085
6219
6354
6490
6627
6765
6904
7044
0
79
158
251
332
414
497
581
666
752
839
927
1016
1106
1197
1289
1382
1476
1571
1680
1777
1875
1974
2074
2175
2277
2380
2484
2589
2695
2802
2910
3019
3129
3240
3352
3465
3579
3694
3810
3927
4045
4164
4284
4405
4527
4650
4774
4899
5025
5152
5357
5486
5616
5747
5879
6012
6146
6281
6417
6554
6692
6831
6971
0
79
173
254
336
419
503
588
674
761
849
938
1028
1119
1211
1304
1398
1493
1603
1700
1798
1897
1997
2098
2200
2303
2407
2512
2618
2725
2833
2942
3052
3163
3275
3388
3502
3617
3733
3850
3968
4087
4207
4328
4450
4573
4697
4822
4948
5075
5281
5410
5540
5671
5803
5936
6070
6205
6341
6478
6616
6755
6895
0
95
176
258
341
425
510
596
683
771
860
950
1041
1133
1226
1320
1415
1526
1623
1721
1820
1920
2021
2123
2226
2330
2435
2541
2648
2756
2865
2975
3086
3198
3311
3425
3540
3656
3773
3891
4010
4130
4251
4373
4496
4620
4745
4871
4998
5205
5334
5464
5595
5727
5860
5994
6129
6265
6402
6540
6679
6819
0
81
163
246
330
415
501
588
676
765
855
946
1038
1131
1225
1320
1432
1529
1627
1726
1826
1927
2029
2132
2236
2341
2447
2554
2662
2771
2881
2992
3104
3217
3331
3446
3562
3679
3797
3916
4036
4157
4279
4402
4526
4651
4777
4904
5112
5241
5371
5502
5634
5767
5901
6036
6172
6309
6447
6586
6726
0
83
166
251
336
422
509
598
687
777
868
960
1053
1147
1242
1355
1452
1550
1649
1749
1850
1952
2055
2159
2264
2370
2477
2585
2694
2804
2915
3027
3140
3254
3369
3485
3602
3720
3839
3959
4080
4202
4325
4449
4574
4700
4827
5036
5165
5295
5426
5558
5691
5825
5960
6096
6233
6371
6510
6650
0
83
169
254
340
427
517
606
696
787
879
972
1066
1161
1275
1372
1470
1569
1669
1770
1872
1975
2079
2184
2290
2397
2505
2614
2724
2835
2947
3060
3174
3289
3405
3522
3640
3759
3879
4000
4122
4245
4369
4494
4620
4747
4957
5086
5216
5347
5479
5612
5746
5881
6017
6154
6292
6431
6571
0
87
172
258
345
436
525
615
706
798
891
985
1080
1195
1292
1390
1489
1589
1690
1792
1895
1999
2104
2210
2317
2425
2534
2644
2755
2867
2980
3094
3209
3325
3442
3560
3679
3799
3920
4042
4165
4289
4414
4540
4667
4878
5007
5137
5268
5400
5533
5667
5802
5938
6075
6213
6352
6492
0
85
171
258
350
439
529
620
712
805
899
994
1110
1207
1305
1404
1504
1605
1707
1810
1914
2019
2125
2232
2340
2449
2559
2670
2782
2895
3009
3124
3240
3357
3475
3594
3714
3835
3957
4080
4204
4329
4455
4582
4794
4923
5053
5184
5316
5449
5583
5718
5854
5991
6129
6268
6408
0
87
174
267
356
446
537
629
722
816
911
1028
1125
1223
1322
1422
1523
1625
1728
1832
1937
2043
2150
2258
2367
2477
2588
2700
2813
2927
3042
3158
3275
3393
3512
3632
3753
3875
3998
4122
4247
4373
4500
4713
4842
4972
5103
5235
5368
5502
5637
5773
5910
6048
6187
6327
0
87
181
270
360
451
543
636
730
825
943
1040
1138
1237
1337
1438
1540
1643
1747
1852
1958
2065
2173
2282
2392
2503
2615
2728
2842
2957
3073
3190
3308
3427
3547
3668
3790
3913
4037
4162
4288
4415
4629
4758
4888
5019
5151
5284
5418
5553
5689
5826
5964
6103
6243
0
95
184
274
365
457
550
644
739
858
955
1053
1152
1252
1353
1455
1558
1662
1767
1873
1980
2088
2197
2307
2418
2530
2643
2757
2872
2988
3105
3223
3342
3462
3583
3705
3828
3952
4077
4203
4330
4545
4674
4804
4935
5067
5200
5334
5469
5605
5742
5880
6019
6159
0
89
179
270
362
455
549
644
764
861
959
1058
1158
1259
1361
1464
1568
1673
1779
1886
1994
2103
2213
2324
2436
2549
2663
2778
2894
3011
3129
3248
3368
3489
3611
3734
3858
3983
4109
4236
4452
4581
4711
4842
4974
5107
5241
5376
5512
5649
5787
5926
6066
0
91
182
275
368
462
557
678
775
873
972
1072
1173
1275
1378
1482
1587
1693
1800
1908
2017
2127
2238
2350
2463
2577
2692
2808
2925
3043
3162
3282
3403
3525
3648
3772
3897
4023
4150
4367
4496
4626
4757
4889
5022
5156
5291
5427
5564
5702
5841
5981
0
91
185
278
372
467
589
686
784
883
983
1084
1186
1289
1393
1498
1604
1711
1819
1928
2038
2149
2261
2374
2488
2603
2719
2836
2954
3073
3193
3314
3436
3559
3683
3808
3934
4061
4279
4408
4538
4669
4801
4934
5068
5203
5339
5476
5614
5753
5893
0
95
188
282
377
500
597
695
794
894
995
1097
1200
1304
1409
1515
1622
1730
1839
1949
2060
2172
2285
2399
2514
2630
2747
2865
2984
3104
3225
3347
3470
3594
3719
3845
3972
4191
4320
4450
4581
4713
4846
4980
5115
5251
5388
5526
5665
5805
0
93
187
282
406
503
601
700
800
901
1003
1106
1210
1315
1421
1528
1636
1745
1855
1966
2078
2191
2305
2420
2536
2653
2771
2890
3010
3131
3253
3376
3500
3625
3751
3878
4098
4227
4357
4488
4620
4753
4887
5022
5158
5295
5433
5572
5712
0
95
190
315
412
510
609
709
810
912
1015
1119
1224
1330
1437
1545
1654
1764
1875
1987
2100
2214
2329
2445
2562
2680
2799
2919
3040
3162
3285
3409
3534
3660
3787
4008
4137
4267
4398
4530
4663
4797
4932
5068
5205
5343
5482
5622
0
95
221
318
416
515
615
716
818
921
1025
1130
1236
1343
1451
1560
1670
1781
1893
2006
2120
2235
2351
2468
2586
2705
2825
2946
3068
3191
3315
3440
3566
3693
3915
4044
4174
4305
4437
4570
4704
4839
4975
5112
5250
5389
5529
0
127
224
322
421
521
622
724
827
931
1036
1142
1249
1357
1466
1576
1687
1799
1912
2026
2141
2257
2374
2492
2611
2731
2852
2974
3097
3221
3346
3472
3599
3822
3951
4081
4212
4344
4477
4611
4746
4882
5019
5157
5296
5436
0
97
195
294
394
495
597
700
804
909
1015
1122
1230
1339
1449
1560
1672
1785
1899
2014
2130
2247
2365
2484
2604
2725
2847
2970
3094
3219
3345
3472
3696
3825
3955
4086
4218
4351
4485
4620
4756
4893
5031
5170
5310
0
99
198
299
400
502
605
710
815
921
1028
1136
1245
1355
1466
1579
1692
1806
1921
2037
2154
2272
2391
2511
2632
2754
2877
3001
3126
3252
3379
3604
3733
3863
3994
4126
4259
4393
4528
4664
4801
4939
5078
5218
0
99
201
302
404
507
613
718
824
931
1039
1148
1258
1369
1483
1596
1710
1825
1941
2058
2176
2295
2415
2536
2658
2781
2905
3030
3156
3283
3509
3638
3768
3899
4031
4164
4298
4433
4569
4706
4844
4983
5123
0
103
204
306
409
516
621
727
834
942
1051
1161
1272
1387
1500
1614
1729
1845
1962
2080
2199
2319
2440
2562
2685
2809
2934
3060
3187
3414
3543
3673
3804
3936
4069
4203
4338
4474
4611
4749
4888
5028
0
101
203
306
414
519
625
732
840
949
1059
1170
1286
1399
1513
1628
1744
1861
1979
2098
2218
2339
2461
2584
2708
2833
2959
3086
3314
3443
3573
3704
3836
3969
4103
4238
4374
4511
4649
4788
4928
0
103
206
315
420
526
633
741
850
960
1071
1188
1301
1415
1530
1646
1763
1881
2000
2120
2241
2363
2486
2610
2735
2861
2988
3217
3346
3476
3607
3739
3872
4006
4141
4277
4414
4552
4691
4831
0
103
213
318
424
531
639
748
858
969
1087
1200
1314
1429
1545
1662
1780
1899
2019
2140
2262
2385
2509
2634
2760
2887
3117
3246
3376
3507
3639
3772
3906
4041
4177
4314
4452
4591
4731
0
111
216
322
429
537
646
756
867
986
1099
1213
1328
1444
1561
1679
1798
1918
2039
2161
2284
2408
2533
2659
2786
3017
3146
3276
3407
3539
3672
3806
3941
4077
4214
4352
4491
4631
0
105
211
318
426
535
645
756
876
989
1103
1218
1334
1451
1569
1688
1808
1929
2051
2174
2298
2423
2549
2676
2908
3037
3167
3298
3430
3563
3697
3832
3968
4105
4243
4382
4522
0
107
214
323
432
542
653
774
887
1001
1116
1232
1349
1467
1586
1706
1827
1949
2072
2196
2321
2447
2574
2807
2936
3066
3197
3329
3462
3596
3731
3867
4004
4142
4281
4421
0
107
217
326
436
547
669
782
896
1011
1127
1244
1362
1481
1601
1722
1844
1967
2091
2216
2342
2469
2703
2832
2962
3093
3225
3358
3492
3627
3763
3900
4038
4177
4317
0
111
220
330
441
564
677
791
906
1022
1139
1257
1376
1496
1617
1739
1862
1986
2111
2237
2364
2599
2728
2858
2989
3121
3254
3388
3523
3659
3796
3934
4073
4213
0
109
219
330
454
567
681
796
912
1029
1147
1266
1386
1507
1629
1752
1876
2001
2127
2254
2490
2619
2749
2880
3012
3145
3279
3414
3550
3687
3825
3964
4104
0
111
222
347
460
574
689
805
922
1040
1159
1279
1400
1522
1645
1769
1894
2020
2147
2384
2513
2643
2774
2906
3039
3173
3308
3444
3581
3719
3858
3998
0
111
237
350
464
579
695
812
930
1049
1169
1290
1412
1535
1659
1784
1910
2037
2275
2404
2534
2665
2797
2930
3064
3199
3335
3472
3610
3749
3889
0
127
240
354
469
585
702
820
939
1059
1180
1302
1425
1549
1674
1800
1927
2166
2295
2425
2556
2688
2821
2955
3090
3226
3363
3501
3640
3780
0
113
227
342
458
575
693
812
932
1053
1175
1298
1422
1547
1673
1800
2040
2169
2299
2430
2562
2695
2829
2964
3100
3237
3375
3514
3654
0
115
230
347
464
582
701
822
943
1065
1188
1312
1437
1563
1690
1931
2060
2190
2321
2453
2586
2720
2855
2991
3128
3266
3405
3545
0
115
233
350
468
587
709
830
952
1075
1199
1324
1450
1577
1819
1948
2078
2209
2341
2474
2608
2743
2879
3016
3154
3293
3433
0
119
236
354
473
596
717
839
962
1086
1211
1337
1464
1707
1836
1966
2097
2229
2362
2496
2631
2767
2904
3042
3181
3321
0
117
235
354
478
599
721
844
968
1093
1219
1346
1590
1719
1849
1980
2112
2245
2379
2514
2650
2787
2925
3064
3204
0
119
238
363
484
606
729
853
978
1104
1231
1476
1605
1735
1866
1998
2131
2265
2400
2536
2673
2811
2950
3090
0
119
245
366
488
611
735
860
986
1113
1359
1488
1618
1749
1881
2014
2148
2283
2419
2556
2694
2833
2973
0
127
248
370
493
617
742
868
995
1242
1371
1501
1632
1764
1897
2031
2166
2302
2439
2577
2716
2856
0
121
243
366
490
615
741
868
1116
1245
1375
1506
1638
1771
1905
2040
2176
2313
2451
2590
2730
0
123
246
371
496
622
749
998
1127
1257
1388
1520
1653
1787
1922
2058
2195
2333
2472
2612
0
123
249
374
500
627
877
1006
1136
1267
1399
1532
1666
1801
1937
2074
2212
2351
2491
0
127
252
378
505
756
885
1015
1146
1278
1411
1545
1680
1816
1953
2091
2230
2370
0
125
251
378
630
759
889
1020
1152
1285
1419
1554
1690
1827
1965
2104
2244
0
127
254
507
636
766
897
1029
1162
1296
1431
1567
1704
1842
1981
2121
0
127
381
510
640
771
903
1036
1170
1305
1441
1578
1716
1855
1995
0
255
384
514
645
777
910
1044
1179
1315
1452
1590
1729
1869
0
129
259
390
522
655
789
924
1060
1197
1335
1474
1614
0
131
262
395
528
662
797
934
1071
1209
1348
1488
0
131
265
398
532
667
805
942
1080
1219
1359
0
135
268
402
537
676
813
951
1090
1230
0
133
267
402
542
679
817
956
1096
0
135
270
411
548
686
825
965
0
135
277
414
552
691
831
0
143
280
418
557
697
0
137
275
414
554
0
139
278
419
0
139
281
0
143
0
