1000 3000
138 513 958627793
735 216 529254830
632 35 442814110
474 614 537591772
37 774 157541895
839 340 358347939
169 530 743354572
23 498 944970358
613 558 879912649
699 964 335758755
59 630 198764899
21 869 211649720
793 386 392410690
544 635 793619627
360 695 82528785
582 535 673549275
373 475 855395451
952 987 701082350
291 763 547079553
618 671 680955743
375 213 796976642
143 765 822493344
349 595 787497991
479 933 399245593
7 79 469446572
759 888 775374979
286 546 564303687
991 636 152141595
641 178 921582366
691 670 755541954
973 342 189413035
291 409 471387690
629 985 500519636
556 732 281269721
971 617 439913356
687 485 292109450
904 188 43882826
856 38 177164083
903 776 293611926
703 21 382683474
269 158 422136370
35 643 402402186
971 383 455865343
644 652 135911309
881 547 42177908
266 86 104322923
805 431 463615256
336 407 480875735
37 212 156051320
700 9 481421799
581 815 65905737
916 868 483986409
945 250 279824798
818 996 702402151
90 179 901661692
467 308 746564981
546 744 125650843
655 944 376484342
681 728 99906139
730 770 270879609
839 743 482611569
537 429 623416222
162 179 957893153
860 504 188572811
439 603 946499780
549 831 817573635
586 699 950188218
403 333 211041017
830 213 35496701
551 37 716747964
232 370 59422578
998 561 41019857
718 921 817508942
577 426 810735232
315 895 926387797
640 482 284278397
278 166 476018086
479 947 235991477
754 944 184363662
978 316 195581708
781 972 674282334
304 526 372621998
824 188 73717669
158 185 258722522
249 27 144663957
248 909 41735254
350 293 777695540
318 661 216602239
740 847 622677519
918 485 682038318
166 486 359978116
904 526 788902603
6 66 20577373
152 39 759870097
507 238 515231156
577 998 608834134
141 559 452545810
707 99 331421265
38 367 646161729
683 173 604232560
558 41 815700111
47 658 214757061
15 355 60869915
911 686 384943615
72 169 818088710
239 573 575511654
280 997 268255278
820 279 935465947
298 557 750453356
857 161 610644327
897 651 119559429
179 264 828627969
730 728 861990149
758 585 331481902
930 5 809418364
834 122 470219862
640 218 82725770
639 995 873481832
461 542 983633965
182 565 686055840
863 686 755199613
20 219 661019054
655 742 414639925
187 550 711229851
960 718 477975188
71 572 348465575
610 115 853349211
674 17 192546499
372 509 216192350
314 837 465964406
498 282 419278560
112 515 175926483
256 510 604231884
459 973 541304156
607 145 987637340
461 376 322911289
465 526 79409477
291 517 388986907
164 92 686254178
825 744 554961982
271 620 637173649
227 198 462341596
419 63 887143102
537 220 248407470
773 308 999365704
340 216 199928801
934 198 821967476
267 942 287082933
262 83 569133499
181 646 687487875
628 914 528667567
676 82 574956679
485 734 925994119
586 640 460669785
306 924 618569578
175 20 56949492
494 151 297333006
588 731 695470768
22 320 757758595
675 269 84813545
142 407 22768954
756 111 354237630
360 319 397617364
548 653 722163470
185 199 230652644
381 968 937587546
675 154 394870187
987 23 580085872
403 915 918519446
991 696 307517388
826 127 73039049
238 833 730237620
434 610 361684116
635 120 469847023
661 165 859370401
677 207 113249657
997 871 159547848
605 196 46532211
416 379 621249402
747 267 728707447
71 539 810924177
935 838 83706798
159 673 883575008
762 500 169720512
281 847 435105474
390 612 417675868
239 348 803429303
104 899 363941585
331 517 296533568
3 165 931932591
362 959 621466199
834 460 568633816
691 492 716341721
3 310 255799784
481 108 394588383
349 694 789525282
540 887 261993018
801 266 485359252
198 221 648068640
451 544 333261071
348 149 557007837
590 958 17749485
939 828 812799655
819 339 73969790
629 186 89854235
770 753 385915251
844 786 772139973
596 848 158183680
239 861 463548619
808 336 695853826
909 932 759359924
653 234 438266164
558 457 424292626
685 294 602533372
380 455 82816397
375 538 998828256
431 739 999003677
795 150 374614675
53 180 646611706
312 598 21112205
793 680 878573189
991 496 8181566
222 457 672200446
220 846 461319415
581 727 956615076
384 60 591324130
228 610 764281859
103 952 630042470
711 305 878799633
641 821 930476881
72 328 783405944
855 276 919863937
896 658 312906579
39 32 135747363
861 379 52650813
528 734 455282410
195 465 522894726
41 630 766996254
827 908 56255772
158 523 575760568
346 590 631776446
98 48 802599048
894 330 346871633
847 723 732552356
609 573 976748462
607 63 399115794
643 335 985529443
325 640 44636226
107 406 620799116
726 780 238548545
312 490 953998991
921 555 609994813
163 566 477175668
903 106 180001037
181 314 32177667
586 525 67402241
16 431 114589580
500 765 586231104
288 910 715197894
152 179 242683928
254 564 362474173
853 721 136898611
409 627 940890070
987 789 300532039
648 489 183883415
447 161 776914586
269 573 51938128
754 793 590181822
327 108 156953284
672 152 792609301
220 504 161767616
214 281 70430459
287 975 296451004
509 186 331944916
751 996 561680227
400 149 470931747
276 694 531598217
665 548 464453718
417 752 96073781
422 68 751376323
976 227 82266483
753 950 329398823
462 82 430660225
650 335 620106282
894 103 203484763
482 432 908803172
655 657 507494171
450 147 410340428
888 534 68591204
296 727 930156455
32 747 845317567
346 281 533058115
831 521 694969796
348 257 698560356
842 972 104475389
157 525 97002830
796 113 158644299
305 411 471700802
988 450 113086097
671 825 547148266
362 604 616860648
521 930 44810437
896 369 983937892
800 227 960461766
297 920 819706059
627 140 971207788
411 32 163943128
393 156 661638240
515 245 325130685
4 141 857705262
28 841 566189466
810 665 902097561
96 365 16517369
342 474 882594103
415 438 313383401
148 301 713610543
391 470 638456262
781 113 320343407
292 210 128100618
87 46 350549229
960 857 380041153
79 849 587710007
102 643 507666990
660 900 676582954
709 739 341100579
514 815 375419634
358 946 696060805
624 674 9792809
28 425 738996692
575 622 900040608
207 311 914010624
140 902 69225254
942 994 519281590
74 977 632775393
923 771 792436995
177 931 446508811
592 476 773726537
294 185 853508294
259 738 898862404
407 748 343840655
468 182 20056625
305 523 46204626
178 448 161760330
52 399 222913903
232 884 558613234
2 311 486158530
328 713 549613852
867 289 822181744
465 975 486513905
423 720 311352088
553 926 214649253
374 987 68742769
261 105 165748810
764 80 3390954
891 966 851884227
387 328 571203790
49 766 333888212
593 3 555106860
557 818 787379924
837 563 754044422
243 527 804820113
325 185 959249565
409 424 971597791
802 852 44506739
657 983 299975239
624 182 335104161
442 667 441662292
614 175 637305342
144 831 448333539
829 759 660790712
807 731 313976309
831 325 983736630
883 400 663107012
28 998 725700996
841 113 874869859
375 94 530495537
757 665 564988812
64 85 30115536
949 629 18981822
467 156 937920996
126 860 654470472
624 464 902303694
204 114 491609986
174 273 488029802
227 88 553105837
967 792 46813991
814 62 372560667
745 125 928474008
215 484 943635836
185 512 565332258
939 29 673144754
45 436 250131046
146 414 192899948
524 149 56527849
171 481 423205855
63 321 545202632
672 128 994581228
865 425 333566971
243 176 146330299
372 648 112363211
600 294 553427781
591 317 392137261
283 516 253455279
68 806 324642501
55 486 497253442
92 736 907031115
788 629 359725809
425 278 733131370
638 262 536019373
184 716 734076597
436 592 163944568
6 746 375038023
777 506 375528162
446 909 232163055
775 779 187716506
904 405 43463517
832 378 929087824
595 268 352029516
157 661 912555155
401 45 31129858
476 976 187917040
483 44 609115740
203 653 317913347
935 560 51919339
308 541 995095491
957 919 87075921
328 771 109546846
204 741 896406309
905 456 134361393
959 679 694622135
172 50 567954775
826 650 621300040
774 578 746137980
754 399 736623394
353 440 232558702
103 215 446748878
645 157 4969761
707 391 266439704
833 599 556220342
485 290 139426036
401 464 476396439
453 804 808764650
668 414 154513072
400 346 555983041
577 422 536167587
4 69 656499702
259 65 154823637
352 912 496461857
37 36 78463475
453 582 404372943
671 502 844998978
229 319 498533333
583 131 700854961
257 254 34967996
287 11 252553825
830 579 513810501
789 976 754245981
948 266 887847285
41 747 602557627
646 148 694411332
601 289 896262010
918 116 592731577
225 698 97268290
156 584 844135606
639 26 586621833
484 859 816745801
282 414 247504410
108 112 495526572
647 397 615467086
896 248 556406043
212 82 539173988
715 204 157003533
532 403 44199375
207 411 452235425
651 799 644039784
948 230 715999707
74 720 286355403
238 851 371117339
639 422 242811801
879 703 779614762
904 202 794286815
113 663 665723432
885 847 536698381
674 954 572771358
874 498 630930978
669 577 898814587
930 394 551824868
279 7 263370432
430 725 857502435
270 197 207737480
332 978 49282395
865 300 21513839
440 669 472821249
90 414 380978572
681 520 88436697
348 819 382959522
669 463 215605950
399 215 786605184
424 862 275422958
802 415 160846119
626 704 222480656
93 710 272168007
856 97 982750401
806 220 583418256
837 874 979147375
203 921 572687893
31 995 223581622
414 610 403359920
551 485 921924798
942 748 219857388
467 273 948947968
414 873 38823429
755 442 211450645
907 643 845440768
525 150 156951048
659 359 700791516
792 163 137136157
830 424 715601015
803 392 431236086
733 532 513599621
176 248 252897550
51 809 267022841
265 435 26426116
862 898 192963266
573 998 964107479
248 279 617045884
563 779 966060367
207 439 594872498
863 960 990770066
24 765 829639606
479 889 173248739
344 311 833814566
822 260 3820558
802 167 965147379
346 960 999969087
793 566 778129383
62 369 581011116
649 385 643760976
951 79 311736568
266 974 287061030
904 992 733936004
80 413 742394071
45 470 228626999
833 211 214264531
415 855 279897690
779 820 796697786
887 808 232711463
748 451 894120387
116 306 564888278
611 268 11207374
884 77 613152596
978 535 512108524
518 919 856557625
60 377 414565550
918 742 986819369
737 366 677685323
302 692 222361671
337 565 985855435
811 456 921545987
619 983 354129147
88 1 412285350
636 11 755226557
754 340 911401405
347 604 252896728
322 173 94960885
297 673 871754376
887 562 532519194
381 370 672578409
412 477 457837747
599 710 128235165
713 697 214814886
806 497 225712523
312 537 826977908
274 622 985380529
399 797 554260903
438 266 6294263
641 744 716868097
647 784 895107051
27 292 289412055
219 595 153995338
43 851 742151103
861 201 549841806
594 719 94812162
978 640 102970540
157 611 790005010
589 608 151312040
142 111 64274082
520 685 82145482
389 908 260824007
371 496 556238070
917 626 126335907
50 992 54569722
580 731 536754008
402 705 959721028
862 568 133336272
602 302 496979588
77 920 251606643
475 762 740514242
7 240 858922279
579 933 13922551
969 126 312446325
200 632 626336214
883 327 592265252
846 190 886840837
737 556 29195547
677 961 783151092
469 39 842328415
126 347 838006047
871 862 337742704
511 45 599142634
649 833 964325953
762 179 209589316
187 991 280707746
864 655 436559575
72 909 34523816
821 300 861589789
864 94 482358016
608 104 405378246
40 860 757405263
66 77 191717582
412 42 557002515
181 992 87183910
480 735 147002265
10 519 642094169
551 458 220751079
589 4 679959838
431 710 168331911
84 894 164283422
449 275 45348357
822 858 874300686
978 83 665376028
248 209 597547181
53 461 801429338
876 573 728115719
344 612 185285633
755 629 703398529
571 864 940396217
240 572 815959590
904 596 215260384
392 6 40584771
206 533 819172208
873 584 94152048
120 510 220670931
230 237 331824217
554 127 358056129
845 824 771438762
656 82 216800514
513 844 875014672
43 638 626657777
791 657 932726170
780 87 975233650
693 251 542616814
692 253 230904251
56 293 493499076
536 318 933689085
487 301 70555686
709 794 846263652
970 202 174238718
196 314 160853051
186 621 845342363
76 687 69635733
720 107 735179847
117 98 696766368
986 768 59377477
329 135 555736565
313 330 437750812
105 427 937913605
420 747 715228004
59 714 927118425
761 805 16313211
740 981 138143337
816 87 200080707
38 627 293444351
843 238 155596724
157 186 799979499
804 620 999273240
542 888 418922720
878 459 386022811
220 164 293374990
196 252 21507094
472 500 850204678
427 478 870076568
167 454 854005046
272 457 834358384
702 971 30671418
258 447 634851946
898 122 716152194
145 938 102988596
554 928 603878445
563 601 187751097
320 24 147565786
59 776 655089500
170 270 191770993
463 708 22994335
692 329 916108545
811 658 352726066
852 505 390568578
10 466 191976919
785 90 154933920
371 292 402196321
623 244 188960503
915 884 249780978
259 833 303096197
31 931 503730726
951 96 955714566
974 897 79645883
324 836 104496320
541 395 249974556
153 138 62433891
80 387 982285209
442 466 912575893
560 681 378624006
902 345 29387079
685 980 155492832
722 720 678814788
652 57 189914137
414 574 187475461
85 580 841853710
335 136 830004580
119 842 155031040
274 93 456070847
892 106 355823148
772 323 965868689
154 359 318159786
87 854 177402995
189 864 821286815
912 791 563539889
965 341 907718881
610 888 421335338
360 620 870441995
682 941 919040001
489 60 558533407
131 913 386483983
826 58 886578205
255 631 908978804
265 355 703908761
816 629 688533470
67 523 19982076
787 178 958241052
47 34 802445754
124 837 858712792
575 977 144093678
752 326 105331049
435 630 750966054
998 717 991991876
468 285 317714111
213 968 839644732
884 769 477830510
354 275 908212336
482 217 860404407
850 514 51080026
329 36 705582389
907 603 942126040
706 780 311349287
281 870 921534264
356 381 566973892
813 929 291329610
912 241 170304340
986 562 118560288
583 233 178414043
482 56 601410428
850 122 120105406
710 691 305425140
160 775 20118410
126 872 188902445
137 324 311417307
337 633 532099412
202 732 794181409
993 435 404209060
583 451 982014164
11 724 740177233
682 537 956956762
382 356 849132588
358 92 776046368
754 130 309679625
853 322 957199858
232 901 153956901
609 513 796590205
304 206 815207376
689 560 761513924
381 719 506129120
814 323 91483554
353 91 228343850
147 734 865712490
192 583 67045713
274 303 234938660
784 641 672860400
477 565 348961787
749 13 510393372
398 694 419895753
537 971 418895923
923 73 714693096
14 55 699982583
777 782 138577970
731 912 701277657
569 246 678343997
925 596 338465014
938 601 240786600
940 769 501444531
408 808 77693638
976 117 731442152
164 576 941636579
927 64 554996816
508 432 508456167
425 261 253343338
955 898 24979143
828 858 84085041
76 141 110638976
376 378 16736142
519 922 391977966
454 858 474820440
491 254 103588088
531 504 792324178
755 701 397819910
543 784 509473459
392 132 245077174
644 584 170658762
361 593 732020181
990 721 685164691
235 786 705570731
6 741 900403589
368 728 28779780
866 138 234105589
334 545 431809564
1 193 729239418
493 966 135881123
355 21 326674039
295 573 263200672
499 240 795704085
430 363 751226340
987 205 96777989
881 841 89329388
7 277 642451566
969 522 984048869
715 836 484996706
25 418 266206481
232 818 555382131
338 851 296185233
832 495 740159599
51 448 938785983
536 979 84704196
428 294 241806288
118 322 19761148
118 420 36627475
284 603 519401768
421 550 669098870
483 878 484147025
491 914 19401333
602 168 794135995
466 61 60788502
187 654 232520233
700 534 545347431
236 506 767656280
782 15 426114778
404 750 442793067
626 944 808095510
354 635 78175430
41 12 877524991
49 454 584055675
247 942 813962840
575 402 171881598
25 563 327159440
895 100 308199
479 455 178527490
393 315 484628099
396 295 143904782
778 964 303296589
877 160 607674421
224 829 28313542
502 194 341756328
886 626 378014623
140 364 263510427
102 919 367938640
844 488 732703724
690 434 685009890
250 310 685919042
642 802 387792726
49 33 812264229
975 900 990201919
197 568 123688608
225 538 70960680
120 890 784724232
75 896 398832962
293 18 792064908
125 429 633845039
193 840 902965319
823 818 326888542
81 700 16652630
279 183 306478588
882 599 619034860
352 750 49959623
725 524 397306760
717 101 362854285
358 473 339394462
929 888 802900643
103 89 400144886
851 989 75613942
965 286 81894850
827 596 728799207
104 926 463728632
184 844 677043469
54 955 463215567
729 453 999031425
818 95 209398250
817 566 7180575
305 437 679217128
798 149 746403469
805 956 705812670
999 583 958150005
678 952 389646107
953 87 10892447
686 963 772798845
357 761 425134209
597 848 387706033
457 684 90241001
723 545 609655564
809 943 479745296
208 201 10054793
912 433 262013826
625 181 758386583
534 916 411574236
911 445 903432641
143 570 683384552
878 875 11072897
767 57 338010218
737 13 79272120
30 948 513652334
693 335 575990260
223 679 635129551
569 957 82443210
8 586 418590280
493 744 463929769
906 527 402325473
172 110 841479366
523 910 840513084
227 752 855901646
263 1000 134623855
139 797 864739308
715 134 613484062
817 623 717949476
1000 845 673976889
388 543 368721731
317 566 509867001
631 152 309239451
688 139 417498366
78 849 442751228
31 893 232673460
218 666 808533910
758 502 323269431
616 315 835300746
587 352 689825412
231 237 223960726
19 346 981910781
991 109 910125530
471 692 3703217
299 615 224228779
937 159 432376935
529 621 51132176
155 247 577238011
226 655 141907766
567 924 555880043
331 444 1465918
772 712 811440883
516 962 427695195
351 516 231590160
293 503 162798327
96 760 904205854
737 664 851866386
441 165 770698080
398 309 49853721
880 277 776050306
68 982 138981724
372 615 785185463
88 123 501651251
812 1 841239533
679 191 861758927
295 662 207038613
133 661 187471197
82 242 277237798
452 644 94581955
861 790 952625592
54 634 890961861
121 26 981058134
800 410 544223695
849 494 848487351
336 606 179296517
70 628 122228376
578 351 468423598
307 919 177530454
552 966 407071711
443 126 523154155
129 671 803247816
673 936 809600485
343 242 998423805
637 317 655100809
501 406 644380225
876 984 232768785
783 314 108793606
397 835 693277240
703 192 476771472
84 371 114979170
373 474 800071461
527 786 956373193
759 114 196531279
299 500 472932402
841 776 703797831
539 260 538460692
363 577 925896156
875 198 403761272
688 608 47965271
332 157 951270355
884 828 291687413
510 124 15637419
546 379 83454083
701 743 258021482
349 97 43631463
875 964 337759895
829 732 853262386
863 945 489179251
919 222 153940121
956 811 292110553
599 206 37844308
91 256 151284971
717 745 272358076
907 122 418088884
243 2 254566906
226 852 61204597
529 356 102341188
930 892 857863576
66 682 280949575
321 665 488751920
188 785 691070769
434 875 896292841
906 225 418273433
529 66 991230569
181 749 805452797
268 956 502233290
60 58 182099262
480 558 677495808
629 182 732539409
388 153 326023854
942 532 717564534
561 139 103625696
424 8 315232322
559 5 178223849
868 977 160215818
275 922 734180351
785 879 613500861
489 772 755987731
126 974 360088502
841 855 260674016
577 447 710244281
658 759 113293063
389 576 399143136
996 927 484010742
86 887 49959896
874 235 657639113
293 172 141503356
373 841 538578573
777 530 45812582
590 164 902890306
268 310 405339589
314 38 979128203
409 994 27890726
224 716 84159364
635 862 96767015
41 625 298477247
581 220 477039085
624 137 787093896
696 174 768429448
723 331 76421408
211 491 966495666
396 495 627289463
740 349 896028677
4 607 318712233
443 287 290701056
455 252 596702271
829 233 664942567
970 468 437714407
577 460 233000570
854 47 123780143
894 250 239080409
811 173 400310003
663 790 348670384
788 764 557339848
451 547 785551397
88 594 187250485
467 827 957908246
168 550 611288004
916 715 331962089
712 30 389907303
628 334 878249402
502 275 701158571
681 833 198748599
109 707 803560883
10 717 253140822
686 592 180970749
181 342 253641412
812 153 73786509
413 617 459083909
401 461 203011187
722 907 444639565
275 495 124497955
807 826 836180839
218 928 653187278
395 911 488943804
371 761 554498438
482 72 993605847
16 690 810471494
879 712 468554395
453 767 572447417
133 185 962574779
912 200 251256958
582 272 863308037
111 776 219041027
18 335 58067703
188 320 442751342
484 13 764653377
489 925 493183832
783 69 422439861
298 925 66933935
463 398 224105730
382 33 447836276
486 515 64958369
31 114 202516743
92 82 577036870
44 878 286031271
589 876 264359610
293 904 613070955
148 302 156031359
894 580 134330714
302 704 252291912
737 545 817602312
839 993 945612921
894 104 664231664
623 293 592802494
853 737 603410800
301 582 640813103
499 663 637721574
143 664 334580403
898 783 365626049
685 410 867184165
972 691 215044288
358 305 490109031
996 953 298683225
72 509 826386377
953 435 288386584
917 199 670232965
180 204 218433481
292 770 405698859
148 591 93029213
889 818 714427144
295 549 202139185
688 941 724663627
361 856 275667925
943 218 724952778
860 762 137691522
876 405 475036125
898 406 472652935
789 365 210031686
171 532 221083224
606 5 457859062
160 438 311565795
101 499 543317298
710 17 166655820
809 29 341327704
217 949 140503825
95 756 984901391
664 51 905151622
400 978 607387064
876 248 618767931
498 46 133199269
709 11 236326796
906 402 375727737
551 300 545701125
307 446 915220888
919 103 140505843
731 317 172287450
573 526 719444943
250 813 459629310
465 400 361110849
326 656 415189227
342 939 82931045
284 825 648537053
244 305 634216061
874 775 952901703
259 447 468861788
624 197 457653326
612 547 463203854
344 835 387174512
7 318 591081356
744 840 283360719
478 118 695315146
135 790 754993933
481 992 638007996
431 69 103016739
531 28 549750304
505 31 70925345
314 135 369918925
425 256 678972859
964 254 60645333
291 924 205039980
739 953 227099149
92 858 148506804
51 37 451250465
149 472 292674520
487 590 943343434
107 605 825070200
25 255 369824262
575 389 977619157
12 586 541957425
665 263 460626538
15 510 65236186
652 792 665447525
529 909 601252361
211 146 297121647
858 297 53394300
493 638 59436895
818 70 655039559
580 650 33912096
888 623 942167895
211 995 255709062
628 383 579056660
219 868 489958873
474 27 610949295
308 802 181146620
428 319 429883114
566 423 324901954
647 178 87238109
618 912 212053437
151 210 415897923
20 905 108387372
460 430 142060917
89 697 782501528
940 965 146959637
19 620 497005675
303 35 603368188
643 657 494733786
312 439 92671051
650 779 917399336
369 146 342683618
521 441 362560657
527 256 671064564
531 346 686964229
399 264 21831370
895 917 159093861
354 569 581106523
735 131 292837554
441 717 499711415
8 918 568893701
848 38 614296765
362 273 239256896
467 345 535460502
619 901 328380368
181 202 206207744
810 454 817127131
148 241 982048576
527 761 744691743
316 32 967138904
358 156 545686934
859 397 586794220
703 380 557796873
295 865 266173927
684 950 640419824
274 234 33683903
131 439 893751641
891 342 495628833
956 571 80208199
69 11 232905429
364 296 15168742
123 730 660437242
732 763 606741181
274 57 39406043
684 659 75840153
72 816 67248735
596 774 505011798
710 70 662901822
760 697 913227365
844 173 386439562
146 393 804676392
742 208 869198752
93 454 693409749
709 593 239697881
947 558 867747353
46 810 560813935
773 345 128799560
882 541 294506700
137 257 504761574
458 485 888391488
110 821 378522411
196 554 867973631
124 764 450625037
509 676 281485858
600 161 905243209
567 730 488145171
310 611 890069318
292 831 823113403
917 463 537584171
310 318 538434686
595 925 124649525
993 88 209446936
882 320 941898383
883 640 403331942
590 741 729899940
641 967 418580202
318 138 860393432
652 123 78515208
761 436 277783522
555 817 226979852
816 262 98744398
6 169 607835721
352 31 487306886
590 510 351547856
627 582 62047161
572 138 551621543
934 607 202732037
616 964 487996757
767 503 712177791
55 40 154713288
437 256 738281989
277 947 258700160
359 207 38689688
764 397 338856582
974 114 3818755
634 24 50604589
234 900 63723495
656 27 542330911
159 666 882821833
709 306 278055830
512 299 393285606
471 794 638101905
373 745 158029437
339 584 325325790
358 713 260568837
161 643 482069994
906 4 922816095
467 372 805766517
954 924 553857269
966 179 951529886
800 209 367754319
441 150 492223364
733 784 784090565
425 854 731965233
107 381 825931724
750 262 916625161
924 685 863452694
937 408 235807429
447 93 261118883
856 872 216860620
486 627 213051372
456 387 185776224
507 459 681313989
467 812 687835970
775 44 276564854
308 534 181663993
796 878 658599384
517 332 353872994
792 571 916160402
783 824 266106792
806 998 660208581
540 705 218078570
119 912 905160365
249 657 924726378
496 475 502428330
606 408 806215210
902 452 805189632
779 153 266110427
825 880 381465982
240 489 824461684
678 237 712640453
988 13 493013379
194 22 483751173
668 340 238422380
426 362 88194731
523 442 644125284
330 489 247274100
796 260 342071061
669 671 366922875
587 622 659747051
173 786 69352756
527 687 870629468
663 667 908641285
816 686 281334649
834 869 709501033
409 386 808150246
888 694 191258233
589 149 68499041
665 205 149169743
146 138 291145211
122 214 10179497
237 481 809454609
31 436 193949517
971 17 368510271
98 314 709856218
444 590 447666792
170 942 672268712
711 60 529603840
174 546 657370500
37 273 358193163
257 979 7057759
794 592 16949041
988 311 722970037
466 858 73224962
643 258 559716767
55 24 60832277
819 239 882198091
518 263 712624202
281 543 672628423
415 45 755053490
283 457 247402633
633 516 923243998
427 310 382127738
509 960 223617070
179 48 104606361
213 980 861830037
119 19 164026675
109 585 849983910
695 258 718442831
466 428 440384555
789 987 250570214
181 994 143770795
872 596 603177836
490 749 196862304
901 198 182867016
479 239 496021151
740 431 37607080
699 751 786093918
158 368 201663295
911 217 169467527
996 7 656336558
370 360 334977674
104 205 99606615
855 803 398854634
678 787 170646949
21 789 436168060
787 159 521098931
934 131 660821201
624 438 501978229
688 975 317291831
181 671 465143757
192 96 247680962
899 35 663010489
193 671 82411198
576 742 894370951
688 803 678926824
442 147 137528335
918 975 741310185
356 309 649263414
284 112 670024189
804 208 53702490
549 451 950996972
161 570 712981708
726 741 229091963
934 336 137475596
709 65 382644104
100 710 396696254
142 815 492406581
784 813 146893879
518 27 551050841
918 485 302404623
658 257 415617112
139 430 230207805
430 683 675543805
808 821 520589813
933 402 952435766
621 756 994729955
99 13 899925847
844 722 854084865
838 127 509973719
194 903 884611637
529 534 438988110
340 854 427781613
338 279 454251492
804 208 586601219
247 899 249745049
105 353 394321948
314 4 423595173
421 220 437737254
871 566 189998631
936 437 401346438
320 912 761091867
651 833 450153122
807 471 500399189
273 685 401986242
734 689 348174883
875 275 650634322
320 246 323109638
163 22 110379482
241 531 585050140
679 600 276076003
400 183 288054892
702 372 198571414
896 235 965976407
357 946 751584073
340 733 218186848
686 858 690734459
667 360 618673231
381 605 822194040
829 184 761077023
513 804 556071905
949 764 37667944
483 241 293147745
321 683 226321388
17 828 205427892
22 386 862415776
205 223 39208481
2 159 2358518
215 786 109758224
661 627 23418320
729 116 187885340
51 516 489576109
731 875 138710416
725 553 776862818
988 384 612210248
498 868 777451630
520 415 968673899
2 345 700704923
941 153 629452400
900 842 271561345
305 924 482450474
356 450 728749409
33 120 5748904
740 718 262655973
62 347 776262690
204 965 499888046
986 736 327023313
318 377 17917740
928 918 707247221
886 916 948355255
521 206 726354497
244 34 965698579
978 1 92180253
777 531 61482689
923 524 182657406
130 176 956924948
784 952 420060504
814 983 130716818
731 350 269024947
742 632 277940131
342 782 822340963
634 256 689069871
867 237 759342351
153 958 724883887
226 657 651448875
539 798 982867210
450 917 440670457
461 64 477700360
865 380 221688852
488 980 415074048
88 722 283938112
622 242 120269086
75 880 618388552
205 752 966503762
666 533 109930013
612 488 241886300
248 6 120394979
684 890 77444553
42 197 592677812
754 774 416402492
677 158 317514522
873 355 356852463
426 254 322794716
305 654 414178007
327 855 817453940
514 571 718545582
786 278 134047775
722 764 388417868
243 521 399884957
856 836 367197213
166 695 409221160
44 689 477818782
954 159 494980737
6 374 113201452
643 611 322928088
623 40 501254110
920 41 640018997
974 237 606401162
417 529 453859089
771 710 184351353
942 992 112874204
404 759 897584194
397 523 233781419
267 672 592847433
651 238 437247516
173 585 122322934
666 121 216517532
759 463 822162899
475 130 156386097
7 398 820785272
786 495 60602247
956 924 958589874
222 472 130471234
770 98 346397381
511 775 86071363
810 602 543109857
830 942 112271629
946 436 447919665
989 965 166479447
497 333 226035499
362 327 945294800
905 35 69080872
907 518 559974288
103 912 200948061
413 409 484919281
300 855 134423040
293 859 518144652
594 794 946474348
396 935 258265989
428 288 142249478
661 250 125913408
372 22 33864188
68 904 406215971
784 802 218292085
852 463 795347189
921 939 706533950
998 486 324236557
494 592 795940751
287 792 129412585
484 928 730455398
843 109 750628406
924 817 171707992
412 272 55456358
37 818 745763869
298 110 364735917
6 598 280203301
83 113 453646778
996 823 619078337
829 164 173603919
326 326 173545104
429 606 684130127
436 77 633443925
31 912 13797599
623 697 735386436
629 877 156890176
516 382 459099760
245 783 139372611
35 435 573871864
779 364 890366599
451 440 515570831
865 479 386197133
970 513 629061892
908 720 459275558
959 311 741379680
99 611 902352365
719 801 718907061
527 119 713459923
694 561 546123913
43 96 219660821
964 561 920491021
829 851 913019404
166 471 196897815
925 318 976242094
836 408 884647430
944 955 266757961
643 952 985950533
661 764 267008568
401 298 732419156
504 228 616470978
854 335 30369637
940 673 690665888
392 593 316374213
470 433 319534567
130 317 251675503
112 724 243789180
362 395 922807987
209 179 843998608
831 94 837858359
518 115 117519095
401 694 486529806
784 480 29966260
330 45 713247963
284 238 956010755
9 452 939584166
294 877 619684064
252 921 222621193
957 374 547515578
60 404 601597720
938 268 816654387
874 534 283611967
782 991 816951635
353 356 96467420
129 253 478398761
318 849 176362976
957 189 822183754
942 868 448612373
320 443 182668300
415 45 615721664
207 411 840267720
385 87 709289187
297 535 17948348
264 316 880713250
930 851 454975156
694 147 990633214
68 95 248154834
603 679 65407394
581 519 203633767
501 458 158245225
890 446 13811469
337 914 288614767
7 503 638872761
624 414 65053147
371 633 919026926
122 541 554937555
302 75 731330588
590 659 929667556
88 514 275355337
962 816 974883581
458 129 676457312
949 514 313318419
888 784 14408589
315 986 709704360
417 28 138914144
938 448 65784338
427 841 720996440
592 517 333003898
430 779 5170520
874 102 2188216
58 438 511118916
738 328 279265501
516 721 78449824
695 468 163378143
222 787 261341145
10 106 112411188
580 606 667906392
375 90 265146428
739 969 637356498
354 431 83039869
958 359 544422453
386 955 586380420
519 813 58709991
645 640 52990182
723 343 990890506
328 377 169182668
618 821 673828217
80 440 260189437
9 312 663786002
458 375 898104164
270 630 60657387
316 260 306398700
769 667 253256070
849 62 388200724
383 630 792091228
188 996 42306687
888 879 284624987
25 701 332363715
358 890 95333360
125 667 888901589
218 566 737704983
320 175 989019156
637 69 619517260
447 327 626624728
799 219 283763969
716 61 225005481
612 959 10093922
687 587 340232925
112 755 527011809
380 79 930192625
4 904 767473530
652 251 314839206
684 175 450026995
131 209 8544783
701 670 407396523
444 778 174077720
424 490 866052196
619 760 82544406
287 868 609214125
974 651 670934683
462 945 97993089
546 161 790774375
370 887 466935885
250 351 728181861
781 184 168236764
361 469 924869280
931 182 685409883
358 293 933145453
22 53 151453710
37 264 437776306
174 640 549144486
994 57 982284567
806 273 37354381
139 635 418525141
113 409 772690950
553 166 413997246
311 683 249390707
699 201 108267944
189 416 82190718
614 727 430834499
694 489 463833824
969 555 449484510
927 369 53033237
107 921 958433009
430 382 159849606
395 699 841274454
545 296 676841915
832 192 59559361
703 3 1077819
443 822 552348705
570 328 232851279
831 396 93064112
116 338 923238234
881 961 338072049
8 537 378206516
262 594 453222854
500 589 148323013
870 123 421421766
850 21 110955077
658 312 248562944
182 497 961355222
95 731 738407133
170 503 641755426
214 593 574208898
570 305 325658478
186 100 992896728
642 340 219748632
771 755 218903611
493 295 657631081
243 265 829584295
660 390 776748505
146 423 774642129
334 175 441600259
897 793 186387927
852 327 480471139
420 720 320231306
326 527 889480755
545 948 710481791
786 213 234884304
26 118 529197059
368 212 867029628
813 816 308849500
752 686 527820223
387 167 261049258
357 349 514653935
379 454 350531545
313 451 425313689
220 418 912808730
474 82 159481252
723 876 90034478
454 641 938421681
421 488 531767750
569 235 587076538
578 298 850385758
452 391 877257768
297 588 390813940
988 746 53263496
811 209 702912853
986 298 678742101
381 649 767744240
675 470 300781566
194 675 884261886
286 916 700269272
435 924 759418822
291 828 926503010
276 562 860537038
974 773 892084061
895 884 382947832
115 266 254837845
387 81 221598980
809 868 224289521
714 826 503543452
581 374 713206267
231 875 39073474
640 133 294365938
879 315 238792842
604 336 128629043
48 205 825896297
918 208 154384283
643 740 421662018
231 290 46708008
371 56 557657496
933 114 379646537
324 996 162140640
647 519 535550681
556 109 292501978
490 640 58477414
952 20 145152331
457 209 971025790
94 452 11649365
788 99 197740349
128 744 912798591
633 226 680692254
393 460 531376520
251 669 541055592
128 877 239508373
903 245 445441702
736 105 337810175
841 207 51428423
582 590 942725176
366 854 892363223
302 96 588517460
371 970 64333566
432 233 779303232
267 639 502183348
798 958 745301857
639 834 227831897
965 86 620889829
528 783 728198967
577 987 825858295
938 422 13443719
793 859 217640752
375 663 839631260
809 503 80481339
566 185 66988036
554 964 30847658
898 802 743757767
175 248 308731733
165 403 85647075
16 137 813115561
597 701 534465568
608 83 658562355
261 860 208879865
208 251 136534040
600 97 778898004
458 165 73400371
964 227 131554791
390 16 367218013
817 566 332051315
470 462 202795897
184 573 435252476
537 479 852473289
896 315 592937476
778 740 531901316
606 354 504547042
194 215 551651277
458 201 641639942
130 606 528066170
465 382 647282862
866 975 603116708
508 445 802958331
925 242 373295248
464 369 205475560
245 588 994380724
75 229 710522623
641 940 686316724
655 122 72008196
332 423 251796023
936 844 931539219
924 687 754181075
814 183 981399459
779 737 214205400
883 787 900675851
204 160 402463352
127 516 468331628
319 112 165551239
544 977 370685172
551 62 149939105
900 972 711173067
815 168 974476401
898 965 677552924
396 708 30398572
488 838 58264528
451 182 304972194
488 798 26059551
759 325 269427962
492 696 340678638
508 431 870173256
457 118 11978841
502 987 275007832
362 21 74374161
599 283 631780693
540 90 794990027
777 440 178557481
642 169 203234878
730 67 345351150
662 631 926292943
402 937 256402092
208 668 912493976
142 337 443533284
134 520 826899573
899 274 452122902
243 762 169468782
57 700 630113090
328 42 663611881
479 854 889024512
652 786 293830660
222 417 165207570
525 315 984805781
974 754 793000411
238 911 947033147
549 205 613199202
438 137 653610704
906 416 942852322
190 398 799639607
982 410 925750914
893 252 105557543
870 143 285872567
677 459 641398604
365 9 9296441
163 761 690258957
257 78 111645354
935 152 435855389
506 17 830721452
497 945 660774214
592 425 472405803
88 31 72259019
246 187 790747445
445 59 510606690
282 337 109751693
46 986 324541261
713 675 868829234
418 207 321355356
256 628 884927798
767 859 223001891
826 533 304249987
122 312 202929316
579 162 928971208
866 232 72439460
80 194 65724237
539 739 942639257
305 248 729095858
288 19 221351627
786 79 869165679
780 713 464492311
862 957 40053088
640 668 273158368
263 139 982538
369 574 873412631
275 927 494308394
150 920 179954405
125 786 724526871
292 139 606517833
117 828 769779110
543 298 744858044
589 652 955227628
491 928 888003526
487 775 957774450
312 35 556006473
182 379 4424826
546 521 997473828
223 339 42161833
640 567 542128608
955 989 843151288
356 689 926618244
40 132 265915435
902 468 663129167
204 823 378412215
149 626 466337495
904 659 340285370
484 474 955499068
193 887 215727895
547 383 81779962
567 10 135651342
956 650 99933402
72 999 43374379
403 231 134893673
575 826 55341217
17 13 16091467
916 578 462330414
791 693 28491767
589 180 302164853
998 618 215746798
458 370 152090295
735 968 519778891
307 34 400275099
941 178 104812771
156 672 540528045
987 497 237599358
615 212 492742133
905 695 550881446
896 947 574769891
713 85 233395295
935 705 32034844
119 976 734701200
750 980 165054974
937 534 116558927
648 280 166033778
388 839 256113389
915 159 963164426
659 60 113907165
19 63 613433971
778 144 579088655
352 189 434210397
313 125 528935526
801 270 134967555
230 824 672166977
916 653 51783172
520 509 835217413
246 631 668807507
87 104 137823910
246 730 665581378
619 388 935324269
279 163 578202617
135 517 934289817
896 327 15068440
408 998 778616997
980 75 641719357
264 509 13870934
143 514 940087788
713 828 170337553
959 73 843996509
784 937 589586943
595 993 719540248
501 164 163851830
12 573 8889830
625 939 119427355
617 611 439651415
143 406 918341996
101 537 707632836
999 951 468749016
221 428 808783168
619 97 788989275
716 800 677427991
226 673 385222888
822 208 576831553
23 788 78186454
880 825 409379936
424 851 127556471
214 892 316552726
955 672 61363294
123 584 333791607
880 879 103260783
815 978 910062788
552 947 856048387
272 685 660866000
246 598 42105983
936 289 507262798
697 338 916713868
759 202 108747491
169 985 963732355
625 713 894930229
598 703 304857539
650 320 480204866
531 756 447043648
836 613 880650878
546 799 22667974
731 33 230927534
82 647 778085451
24 540 331986496
648 823 698129637
314 777 800858423
490 470 642450936
182 751 653746062
123 138 884821261
664 175 649059454
746 562 748360150
885 546 223485433
739 987 754985767
537 160 731495511
55 600 554750638
661 993 303642479
496 594 350148982
429 251 14971895
867 362 765302036
903 280 688064592
433 839 857363085
532 187 46032465
445 886 450169258
917 650 994447113
13 89 246807934
30 567 390896099
798 228 823356566
712 577 43057489
421 829 847607757
112 624 716508746
135 754 670004268
658 930 451214425
878 842 897239064
685 266 871830504
8 198 196272123
741 953 365142596
502 938 636133794
816 564 362209185
82 300 897267903
876 237 788027751
588 807 402254394
299 692 770552555
434 743 359926866
138 998 106158933
806 993 46400004
229 762 934688155
603 338 349937734
515 294 857328884
874 223 948031239
54 358 539412705
833 593 562804910
251 944 652517604
405 475 775313838
175 753 702413819
600 420 702165855
522 547 988774641
262 670 52805497
455 385 355336303
756 11 185398655
792 162 566246584
494 201 568033865
323 868 422285355
749 283 333194138
102 148 601549792
666 863 30543678
258 693 390546975
920 146 599783138
177 781 36059295
842 417 93587667
756 464 460406177
969 656 894084630
421 498 61285498
503 564 916373407
966 643 455094860
317 310 967353140
793 182 526961680
287 273 136432021
366 534 828879210
928 454 2507418
10 889 644971399
129 113 348028292
555 966 589331059
956 662 780953186
461 457 244005343
203 902 30783154
400 393 469710112
482 139 482227406
584 372 54155249
550 941 126296007
553 703 971150614
18 907 367986943
441 657 123770255
694 558 729193023
296 833 758067599
364 884 693449507
774 39 345077958
123 726 202291197
620 103 917675337
659 985 774879327
775 747 17871999
705 517 499582891
158 985 129852155
974 854 655662297
324 132 308058086
662 324 385271230
681 23 99624001
955 602 576970066
410 966 603071242
518 16 576801955
599 410 570597055
528 170 177380468
249 303 932229232
45 430 815133938
927 147 878012932
257 382 896690271
795 306 612054704
124 820 437793458
843 544 284735416
526 733 942360447
927 321 782889381
72 846 859345652
335 107 315062168
213 636 119350688
806 280 463096223
184 109 728028651
457 466 508511850
100 619 184211950
388 379 307794222
251 951 264311833
932 734 235092836
917 659 541859857
934 219 518545363
190 273 610587864
536 114 106132782
681 389 1244510
664 411 799943732
172 684 687993771
852 428 16834510
425 468 841914212
807 541 536500140
521 810 251808011
982 235 194764043
648 861 441593720
907 745 198005510
30 989 598504024
333 543 864749049
896 898 169967309
113 584 971270638
231 553 937092502
395 570 556680930
171 213 781913035
395 317 709578782
497 724 862283111
333 250 74136953
242 62 670386814
535 549 288214951
270 284 563619291
793 774 314661571
267 404 674279496
842 368 66552465
574 185 2836202
893 439 207344458
214 175 817712962
534 748 271066136
656 322 110923970
533 525 988387563
600 288 139828099
256 329 778388747
891 284 642711403
133 558 846762956
327 118 885539803
286 755 89533338
827 445 83183393
249 158 739912853
516 626 448076121
325 402 991546425
466 887 438192669
643 122 974186037
15 75 405116508
140 413 685171078
791 143 165550407
452 335 842228133
317 309 94144622
611 436 747973840
534 970 971028259
159 222 2875924
254 298 923606691
832 612 395207480
493 243 673031703
948 603 656298477
960 95 889520966
957 837 775320155
641 654 946621167
318 514 442745999
783 145 175326959
871 785 180907582
656 484 660211088
607 421 619224864
401 875 37123662
289 571 905926219
327 469 426674721
790 733 293266521
619 522 682818674
942 794 971569239
855 448 245729265
465 940 733962165
132 471 723084797
459 328 928724136
373 135 199312205
393 90 529144272
22 9 582669152
130 830 550846800
156 297 850553475
23 954 274455311
927 446 180540076
955 8 194539839
130 537 13070731
481 885 129280751
946 618 485520934
849 122 907360885
802 136 821998504
907 579 610283158
792 32 430220942
67 105 902768882
163 637 142091577
67 695 256999254
557 296 138153158
29 259 771522020
833 892 117501719
667 766 234717590
83 225 750694048
794 762 756892686
773 68 743295553
29 582 156979182
187 483 768451743
922 48 626374589
451 51 648899490
41 725 729595441
816 571 722710306
390 235 790624958
625 241 542806623
693 153 70864707
212 687 738353226
828 677 885467736
140 113 478115292
432 41 336503058
371 558 282847347
969 271 217515449
711 153 409102054
835 944 304182118
990 40 454032646
686 237 744339411
409 449 706690064
778 519 754840841
205 796 399152143
677 19 595596010
728 481 643750125
59 860 797743221
944 506 863618896
993 767 892896887
114 17 556753720
751 553 975046027
656 117 682620084
162 115 579781574
599 773 363335006
917 212 881654689
197 367 379078829
153 582 118676685
117 134 23198963
924 114 865733005
605 818 142993162
840 828 888436846
477 722 331713162
807 826 369674372
913 802 534489911
536 985 715233100
4 68 395520242
828 657 561544428
334 914 369105939
904 728 462840808
619 388 746276749
14 981 251794436
429 832 436004173
780 105 659976224
853 488 447117452
334 382 691476094
626 437 536545261
539 165 578963801
401 410 414261128
905 619 427936303
296 753 582143815
548 175 151972181
830 23 412967306
95 14 980535523
942 141 742584770
287 676 526052234
844 545 801670081
71 759 237861994
98 958 669910751
133 820 457390838
691 903 874378361
110 301 862636880
615 784 825670814
279 577 522081643
775 841 919580331
459 267 721349431
333 260 82282366
639 396 400603244
470 15 37061681
221 802 193754832
1 549 197124580
321 702 576841900
554 801 82019766
347 121 671418588
147 154 91570131
34 196 725523693
671 674 7027473
831 453 40677098
183 927 436444792
209 22 838652462
564 633 9772854
304 565 532725685
357 339 323626180
176 391 513330521
554 279 167351813
332 101 162347099
922 547 680378383
798 874 193873506
197 885 712573002
643 108 229801194
993 643 53475209
386 673 113856807
931 871 787087779
723 875 647438207
887 106 500190964
841 862 172611271
944 937 595123804
421 274 138364200
755 417 390700523
885 849 112792739
697 905 652925371
266 879 868036575
758 156 762512200
36 301 78268969
916 898 783782594
595 339 841816048
88 830 971234279
847 921 940205144
671 119 315691492
680 648 51247588
211 88 602161319
667 667 875941741
932 825 300508367
233 787 588779911
705 613 144705161
333 665 923784600
557 411 217923959
365 389 937433644
475 737 74494738
897 757 699876534
374 558 964093635
699 672 275706050
142 595 765394211
948 363 314342702
157 149 69883761
40 259 70355146
914 535 637796203
38 617 982431815
556 252 919100495
781 427 60762466
97 383 224894999
459 246 484536422
788 713 437553774
470 823 63206958
951 801 103089069
127 454 477971689
470 821 981570378
150 728 283533087
885 816 608153666
450 654 947894531
380 611 469245903
979 176 88351702
976 372 637457729
833 436 227832254
994 768 563899987
844 64 750898536
187 247 764368355
542 336 202274431
95 440 931818096
707 469 580643677
67 836 393434485
702 522 477072562
437 936 991817027
25 575 665722078
877 713 29397049
313 125 317454238
167 995 287516699
860 860 610508059
83 255 240389269
21 157 739160935
796 232 355907976
889 31 545645447
537 562 811618457
440 868 142469500
167 128 144146665
592 586 761254741
234 308 700052525
942 357 796505670
305 607 543671302
227 377 650440053
298 614 551403910
419 206 58429691
161 217 983409907
147 298 639718485
485 366 962354745
590 200 961408538
768 779 546509449
890 112 497845555
146 786 301579617
528 59 923960984
67 786 150741016
673 207 747709101
341 542 8887850
975 544 113547739
192 754 734101143
640 437 539378401
332 320 933993559
12 409 74769254
92 477 155292938
584 172 271121000
294 986 179956859
351 535 32856215
216 322 576784547
692 150 748129025
856 870 409157387
569 175 10970572
815 676 69901179
537 40 10312275
680 832 933408630
461 524 583824198
33 703 989837669
592 264 391409085
949 205 874976410
658 953 104613854
559 552 520483128
727 611 126965256
412 689 507133504
201 634 782501422
153 965 510023338
259 66 154773584
547 793 968306143
744 502 991552152
802 165 208151387
671 611 229858305
514 358 612390599
888 665 233432353
645 57 916254964
638 611 785576005
5 681 91600800
187 298 138398510
164 360 622120173
588 145 193256605
746 267 908932629
927 449 506837005
829 835 178966425
257 750 15995013
291 385 494000347
802 159 433269593
677 698 77555417
882 240 777319823
188 844 307455322
179 186 622233733
100 391 430063129
127 124 240394328
983 339 33567681
496 950 140930556
408 677 188533281
795 702 680855082
43 11 442982421
716 307 463141217
263 984 37822017
907 472 333372369
579 614 150560511
18 792 509182452
685 467 46835507
396 368 324587703
406 440 516558379
568 214 538126395
591 497 568724191
335 784 973950944
76 847 119905513
444 393 510046667
497 559 9433304
771 516 103838563
903 372 229459886
252 299 106449861
732 775 767689776
90 594 960282570
868 404 572014132
965 271 731734359
812 93 710423856
690 152 442902474
917 503 361863480
317 44 248196884
103 564 503523870
889 118 149405713
914 437 484579134
725 276 171935593
738 475 359186441
346 386 379313139
108 967 210589771
539 651 248344021
401 960 361216014
988 471 263097976
611 216 669204448
830 890 162599563
254 160 853782366
10 955 615425162
57 815 226493701
515 24 157541996
871 911 222484623
491 651 528866869
253 409 250518795
897 651 461966548
83 119 365758839
374 610 935754587
572 543 812879484
786 577 738423078
10 387 13213739
664 745 956681605
934 552 571117423
451 621 254354079
94 535 706009063
803 291 728782890
742 961 501223591
121 718 338388338
737 224 96292872
988 315 449018370
834 529 105459473
759 260 421749322
57 672 673464698
868 104 269741601
726 50 355204780
198 80 932558651
882 184 435726160
226 34 426520897
462 64 993193262
71 358 625687367
213 207 35284110
118 777 259352769
410 432 951153442
45 57 273893720
102 388 12442174
502 155 789106370
865 206 494203096
319 819 37083433
355 879 529244228
174 805 564138741
330 373 278690906
383 606 708747430
126 380 232766159
469 802 177490995
424 914 879975993
509 499 595303467
179 682 786885074
146 200 194583861
269 404 453315933
385 114 849787845
841 708 312934123
712 539 9667745
204 798 198293106
510 745 876458327
473 953 775897321
312 644 975223438
822 955 27485166
98 511 196179264
298 928 940143918
797 781 565762103
945 8 772565661
995 977 884815731
636 326 533034152
407 230 904712344
491 267 537116475
655 155 328456169
936 939 242149675
749 564 320407454
753 656 574602030
455 423 488253750
779 249 472492441
354 553 971537861
959 942 148728224
514 908 834078023
578 852 810532957
858 616 331758165
725 309 738311549
243 970 186093093
227 406 715850904
34 696 74779085
351 472 970813988
420 707 905069005
249 589 405295594
70 59 290394193
954 358 254673252
226 514 826238073
647 408 390510698
303 507 255841458
256 932 662665036
951 994 330875492
193 305 192251166
729 324 646750553
155 373 649080943
913 606 183264563
785 593 183890341
32 511 796599271
248 829 699210636
599 246 481916443
350 965 756139848
456 779 254600965
410 109 88477235
443 30 785969209
652 923 96463013
965 791 779662376
231 804 859974311
218 639 816920130
613 273 944297043
301 62 119020208
947 276 289003741
268 706 318152259
432 848 102152586
476 356 283557389
213 627 793894047
508 948 800251819
424 834 994327062
697 159 488056495
753 979 201511990
354 967 319036837
226 473 697919720
993 457 414665448
213 83 73921071
686 516 100539477
920 424 746050457
676 751 117898494
911 699 4455916
888 203 929903486
449 278 989316914
466 114 834146076
454 680 100138611
895 385 204602223
159 693 176520434
478 689 204113202
957 696 61382389
300 199 438099507
547 3 872730315
334 132 923453877
73 125 435850755
760 607 94095847
219 881 870272260
430 589 967070457
66 287 232111477
558 1 344912240
965 626 605454632
795 149 517631503
41 130 32152477
166 528 260336906
936 201 204771112
976 852 4866305
880 139 87699910
504 497 828314248
640 682 278632492
172 868 448047632
893 738 105413433
79 982 201789115
134 660 31138833
536 184 219268945
803 449 181399020
324 510 77401593
794 167 587332862
970 339 432125775
81 845 116812301
976 419 851393709
667 553 164455764
582 132 292257581
450 340 824700123
383 710 918654713
694 211 889949814
38 832 688250564
781 927 980906515
624 757 549626082
766 656 21097353
332 788 695137442
325 220 105830531
138 633 54349542
960 216 171218758
877 22 566156067
203 656 984720113
46 940 633019358
127 555 508911372
164 871 79105107
615 313 744603314
924 369 672330402
457 820 768220208
430 249 260334940
595 255 681925120
329 462 686980064
309 800 215586133
346 624 907420488
492 473 11380946
757 80 40111761
310 275 851254147
165 691 916799807
32 223 987046067
643 370 390962885
291 783 540311307
130 505 445832286
453 742 18151384
600 57 433041420
597 195 609644344
453 728 138721986
926 934 473771838
129 196 17363621
664 598 116856139
279 552 350354239
790 372 942366117
777 874 158137966
223 338 832640729
266 596 314046235
135 34 696668304
651 646 47351461
310 513 249568686
284 380 848125517
461 986 122563032
649 671 314602843
636 902 374275893
769 706 831010534
419 767 427821135
102 352 146960436
283 970 960068779
763 683 743241556
766 284 335999930
552 206 927693305
417 192 874971785
446 779 579015752
56 658 823613614
320 24 328932452
184 664 949465943
438 136 410872394
372 71 644792231
645 910 967461491
973 855 354244846
786 60 681443787
32 980 899268165
508 307 976873785
517 541 817715012
64 579 265593124
402 290 517475028
655 926 907195750
760 751 340513362
995 319 327680820
969 772 713730702
584 537 211914403
204 433 880474
869 768 629441177
945 396 595754477
809 757 273123270
99 621 89549441
865 264 512101972
992 878 788243496
733 778 531655473
775 354 254355217
422 123 227329497
279 261 230329162
467 352 951371427
984 5 932666854
113 886 812698471
973 397 166816901
461 511 995023240
593 16 852392312
819 13 309852514
16 91 721617052
983 336 873116085
276 702 624573926
361 717 603076241
331 792 988515451
150 55 212579066
727 45 541970805
299 711 580773788
814 988 861936971
479 408 119965358
991 809 861197305
602 480 595741741
163 155 682367579
517 112 65115568
357 825 822166171
663 742 383734433
815 893 936242329
57 898 278168401
459 172 4763046
733 776 16926844
587 222 109320620
359 212 863522377
469 769 276870854
147 992 413310884
667 970 318924642
94 670 272850385
981 751 506649083
135 459 799384634
664 633 807007303
978 925 589753503
880 5 159127731
739 469 556707032
897 32 739098707
837 117 112124052
446 93 101612034
834 652 174984852
192 392 905427544
562 628 94250482
691 601 612155135
976 672 28244323
272 687 595093355
263 691 520425205
167 268 413321908
645 253 62051686
455 335 757268033
152 472 691437334
225 691 194009775
734 53 892042294
206 2 781265732
559 290 687049706
378 452 641349844
544 581 194630711
77 704 270407649
490 442 459467747
908 557 978123393
164 173 120639203
186 952 776732583
662 250 801735705
222 914 994942414
615 603 80266278
742 604 812938771
262 451 925973291
279 57 206598041
796 814 926552841
580 495 15102387
492 781 722216033
153 315 270249945
962 784 532000333
248 97 100196725
387 249 254414523
986 51 519426511
688 520 671645584
870 88 146970782
538 99 608362600
279 494 366250351
853 38 716032788
226 814 273418917
770 414 840826236
565 870 294564791
655 93 483377037
530 857 818720325
683 978 111302250
446 118 178024744
710 463 365808056
896 610 800289705
300 519 47828645
687 164 230913321
393 356 881541369
637 759 140711112
713 389 447081914
81 549 753213180
447 496 417744100
414 847 288153384
75 674 193044216
864 459 170155587
102 552 342809781
617 738 601145374
282 900 841540902
759 95 794222377
