500 5 0
2 5 5 5 1 1 4 1 3 3 5 4 3 1 5 1 2 4 3 4 2 4 1 4 4 5 3 2 5 2 1 5 1 1 4 1 5 4 3 3 4 1 4 4 3 3 3 5 5 2 1 3 1 3 5 2 5 4 1 3 5 1 5 5 3 3 2 1 3 1 3 4 5 3 2 1 5 4 3 1 1 3 2 3 5 5 3 3 4 1 1 1 2 1 2 2 3 4 5 3 3 5 1 5 5 2 1 2 1 5 2 4 4 4 2 4 2 4 4 1 4 2 3 5 4 2 3 2 2 5 1 3 3 2 1 4 2 2 5 3 1 5 4 4 1 3 5 3 3 5 5 4 5 5 3 2 5 5 5 3 1 1 5 1 5 2 3 3 2 4 4 2 5 4 4 2 5 3 4 1 5 5 1 5 2 5 5 4 5 4 5 3 5 2 2 1 3 1 1 4 1 5 1 1 4 4 4 1 1 4 5 1 5 4 5 3 4 2 5 2 4 3 1 5 3 1 5 2 2 5 3 1 5 2 3 1 5 3 2 4 3 2 3 3 1 1 4 4 4 5 5 3 2 2 3 3 4 1 5 5 2 2 2 3 2 3 3 4 1 2 2 4 5 2 1 2 1 5 2 2 3 1 3 5 4 5 1 4 2 5 3 4 5 3 2 3 2 2 4 2 4 4 5 4 4 3 2 4 5 5 5 3 2 3 3 1 3 4 5 1 4 1 3 1 5 3 3 5 2 1 4 3 1 4 4 4 5 1 2 1 5 3 3 5 4 2 3 5 1 3 1 3 3 3 3 4 5 4 3 4 2 4 1 5 3 4 3 4 4 2 5 2 2 2 5 4 3 3 4 4 5 5 3 4 3 3 5 5 2 3 1 5 2 3 5 5 5 3 2 2 3 5 3 2 4 1 4 1 5 5 2 1 1 4 3 4 4 3 5 2 1 1 3 2 5 1 3 2 4 5 5 4 5 3 3 2 5 5 1 3 2 4 3 1 4 3 1 5 4 3 1 1 4 2 2 1 3 5 1 3 1 1 4 1 5 4 2 2 5 1 3 2 2 2 5 4 2 5 4 1 5 3 1 5 3 3 4 3 3 2 1 3 2 4 3 2 2 1 5 3
14 36 24 38 14
19 40 23 27 10
26 47 21 17 6
28 46 16 12 4
30 46 15 6 4
31 43 16 3 5
37 47 19 5 6
37 43 18 4 3
39 43 17 7 6
38 45 21 5 3
37 46 21 4 7
38 44 23 3 5
38 42 26 5 7
39 41 28 4 5
34 39 26 8 5
36 34 30 10 6
34 32 31 11 7
35 29 36 11 11
35 29 37 15 11
30 28 36 14 14
31 23 41 16 18
27 23 41 22 21
27 20 44 23 19
26 20 43 25 20
24 18 45 27 25
25 14 45 29 27
24 13 47 34 25
23 11 44 34 26
18 14 45 33 31
18 12 46 33 31
17 12 44 37 32
19 14 43 36 30
18 14 44 37 31
17 12 43 35 35
16 15 42 34 33
17 13 44 32 32
15 19 42 32 36
16 20 43 32 33
18 20 37 30 31
17 20 37 26 34
14 21 34 24 35
16 22 34 24 35
17 28 31 23 35
18 27 31 20 32
15 30 29 18 33
16 30 28 20 33
16 34 26 14 30
20 31 25 14 27
19 36 24 13 28
20 38 20 13 29
23 37 21 10 27
23 35 18 11 25
20 38 21 11 25
20 38 16 9 25
21 38 18 9 25
25 38 15 13 22
23 40 17 12 24
25 38 16 13 21
28 38 16 10 20
25 36 17 16 21
27 39 16 16 19
26 35 18 17 19
26 36 21 19 19
28 32 19 17 19
29 32 19 19 19
29 34 21 25 18
30 32 20 22 20
32 31 22 28 19
30 28 22 25 17
32 30 24 28 19
31 29 25 30 18
30 28 23 34 20
32 25 26 35 19
34 26 23 35 17
33 23 26 36 18
34 21 27 36 17
33 24 25 37 21
35 23 27 39 18
35 19 27 37 20
32 20 28 36 19
35 19 25 35 22
34 19 25 35 19
35 20 26 35 24
32 21 28 37 23
33 19 26 34 22
33 20 23 32 25
33 22 25 33 22
37 20 25 31 27
37 22 25 30 23
37 24 21 31 24
36 24 23 26 24
37 27 23 27 24
34 25 19 24 29
37 24 18 24 26
35 29 21 25 28
36 28 18 20 30
35 30 20 19 31
34 30 20 20 27
36 29 16 19 30
35 32 20 18 30
34 30 20 20 27
37 31 17 18 32
37 33 16 19 28
34 34 17 17 31
34 33 20 19 28
37 32 19 17 31
36 33 19 18 27
38 35 20 19 29
34 36 21 19 31
37 36 20 19 27
34 36 24 22 31
35 35 24 19 31
34 36 21 22 28
36 36 21 23 27
35 36 26 22 31
35 37 24 23 28
40 34 25 27 29
40 37 25 26 31
38 34 26 30 32
37 37 28 30 32
39 33 31 29 28
39 34 29 33 30
40 32 29 30 30
42 34 30 35 34
42 34 34 32 31
41 35 33 35 33
45 31 36 33 32
45 34 33 33 35
44 31 33 34 34
46 33 38 34 35
46 30 37 36 33
45 30 35 36 31
45 28 37 38 35
44 30 38 36 35
43 28 39 35 34
45 30 37 39 32
42 29 40 36 34
42 28 40 34 33
39 28 37 35 34
38 31 38 35 32
38 29 40 34 33
40 28 38 35 29
34 28 38 34 27
37 27 39 36 26
35 28 38 32 26
33 28 36 31 26
31 27 40 35 22
29 28 39 32 20
26 30 37 32 20
24 27 36 30 20
21 28 38 28 21
22 29 36 31 19
17 31 34 28 18
19 31 37 26 14
15 28 36 28 14
16 27 35 24 13
16 28 37 22 15
11 30 33 24 12
15 26 34 23 15
11 26 35 21 15
10 29 31 22 14
13 26 33 19 16
13 27 34 18 15
14 26 34 16 18
14 26 31 15 19
13 25 33 14 20
16 23 30 16 24
19 22 28 16 26
18 20 28 11 24
21 20 31 14 25
20 22 31 10 30
23 19 29 13 31
24 21 31 9 29
29 18 31 13 31
30 21 30 11 32
32 17 29 10 36
32 16 28 8 38
32 18 30 13 39
35 15 31 10 37
36 19 28 14 41
39 18 27 12 39
38 17 28 13 37
42 18 32 12 40
42 19 30 16 34
42 18 28 16 35
43 17 29 14 33
42 19 30 17 36
43 16 31 18 32
47 16 34 20 28
46 19 32 21 28
45 19 33 20 28
46 21 34 23 27
46 19 33 23 24
43 22 32 24 21
42 18 34 25 23
44 19 37 28 20
41 21 33 27 20
42 22 34 30 19
40 19 33 31 17
37 21 32 27 17
37 21 35 31 14
38 18 35 28 13
36 17 33 30 16
31 21 32 31 18
33 21 34 30 18
32 18 31 30 15
25 17 31 29 17
26 18 30 28 17
25 16 32 26 22
21 16 27 29 24
22 15 28 24 23
21 15 30 27 23
19 15 26 27 28
15 14 24 23 25
18 13 23 25 29
14 11 22 22 28
16 13 23 24 29
12 12 24 26 34
15 13 22 22 32
12 15 19 23 35
13 15 20 24 38
10 14 18 22 37
10 15 16 25 38
10 13 19 22 37
13 15 18 26 37
12 13 16 23 37
13 16 16 26 35
14 15 15 27 38
14 16 17 24 34
19 17 14 25 36
16 19 11 26 33
19 17 14 29 34
20 19 14 27 36
22 21 14 29 34
23 17 12 28 34
25 18 11 31 33
23 19 11 31 34
26 23 13 30 33
27 25 14 30 31
26 25 14 30 34
27 24 15 32 33
30 26 14 31 35
28 25 13 31 33
32 26 15 29 32
34 26 13 32 33
33 29 14 28 35
32 31 15 28 36
30 29 18 28 35
31 27 17 27 34
33 31 18 30 35
34 31 18 28 37
33 29 19 26 37
34 28 19 27 39
36 32 19 28 37
33 32 21 23 37
34 31 22 27 36
35 30 21 23 37
35 27 26 22 36
34 29 25 21 39
36 27 27 23 37
34 27 24 21 40
33 29 29 18 35
31 27 28 22 38
30 29 28 21 38
30 28 28 20 34
35 25 27 17 35
30 26 30 17 34
33 27 33 17 29
32 25 29 17 29
34 26 33 14 31
34 24 31 18 27
31 23 35 16 26
30 21 34 16 24
30 23 31 16 23
33 21 33 16 24
32 25 33 16 23
32 25 34 15 19
34 23 36 13 21
34 24 36 17 19
33 24 33 15 19
32 26 35 15 15
34 25 36 15 18
32 25 34 14 16
33 27 37 14 14
35 27 36 12 15
37 32 33 15 18
35 30 35 16 17
36 30 33 12 16
35 35 35 12 13
37 35 35 13 18
37 35 32 14 17
37 36 32 16 14
37 37 34 15 15
38 38 31 11 16
38 39 32 12 18
37 36 31 11 19
40 39 34 13 16
36 37 31 13 21
36 38 30 12 19
39 38 32 10 19
35 41 30 11 23
34 36 32 10 23
36 37 30 11 22
34 37 30 12 20
31 37 32 12 21
33 34 28 12 21
31 35 29 12 22
27 31 31 13 23
27 30 31 12 24
26 27 30 11 25
27 28 29 9 23
24 29 28 11 23
23 28 29 14 27
22 23 32 13 25
23 23 29 10 25
23 25 27 11 23
19 24 27 14 24
22 19 28 14 27
18 22 28 15 26
18 18 26 15 24
19 21 29 14 27
18 22 26 15 25
23 20 28 19 25
20 20 27 21 25
24 20 27 22 25
23 21 27 19 24
24 21 29 22 25
27 23 25 25 26
27 23 25 27 24
28 24 26 26 25
29 28 27 28 23
32 30 26 27 24
34 27 27 31 25
32 31 27 33 24
33 31 23 33 23
35 31 25 35 23
35 32 25 34 22
34 35 24 34 24
37 33 22 38 25
36 38 20 36 26
37 35 22 39 24
33 38 21 38 26
36 34 21 38 26
35 38 19 39 25
34 34 21 37 25
28 39 17 39 25
27 34 16 36 30
26 38 19 39 28
27 35 16 38 29
27 35 17 37 30
22 36 14 37 30
21 34 17 35 29
23 35 16 33 29
18 33 13 36 35
17 33 12 31 33
17 33 12 34 33
16 30 11 32 33
16 29 13 28 34
13 28 11 31 36
13 31 10 30 34
12 29 12 30 35
13 30 10 28 37
14 28 11 28 36
14 28 13 24 37
15 32 10 24 37
20 29 13 25 39
18 29 11 25 38
18 27 13 23 41
23 29 12 25 40
24 31 11 21 41
26 29 14 22 39
25 33 13 21 39
25 30 13 21 38
30 29 12 21 39
31 32 14 19 38
32 32 15 21 40
33 34 16 21 36
35 31 11 20 36
35 34 16 18 36
39 34 14 20 35
38 34 12 19 34
37 32 13 17 35
37 34 11 17 32
40 34 14 17 33
39 31 14 18 31
38 34 11 16 31
41 30 10 17 32
37 32 10 16 27
36 34 13 20 29
39 32 10 18 29
36 32 14 16 28
33 31 10 18 27
34 32 14 20 28
31 29 14 18 25
31 29 11 21 26
31 30 14 19 24
27 30 12 21 22
26 32 16 21 23
26 30 15 20 23
24 31 15 19 24
25 29 15 21 25
22 30 18 19 23
21 29 19 20 22
20 29 22 21 27
15 31 21 20 24
18 34 23 21 27
15 33 23 20 27
14 34 24 24 25
15 31 26 24 29
11 31 28 23 30
13 36 32 21 29
10 34 32 22 31
11 34 32 25 31
7 33 36 23 33
10 34 34 26 36
9 36 35 26 33
10 36 39 24 35
9 37 40 28 35
10 36 38 26 38
12 40 38 27 41
13 37 39 29 41
11 38 37 28 40
12 39 37 29 39
13 39 39 30 39
14 39 36 28 40
16 38 34 29 43
14 38 33 32 43
15 41 34 29 44
21 39 33 30 40
19 43 32 33 44
21 40 26 33 44
23 43 29 33 41
27 39 25 32 41
24 38 22 35 43
29 41 21 33 40
29 39 21 33 38
28 40 19 32 40
32 40 17 36 38
34 39 15 36 38
35 38 13 37 39
35 38 11 37 37
32 38 10 35 33
36 36 8 35 35
33 36 8 37 35
32 37 9 34 33
32 37 6 32 36
36 38 7 34 32
34 34 6 32 32
34 36 10 35 32
30 35 11 31 33
32 35 8 31 31
28 34 10 31 30
30 35 14 34 28
28 35 16 33 31
26 32 15 32 29
21 33 20 31 31
19 35 22 28 29
20 33 22 31 27
17 34 26 30 27
15 35 25 28 31
12 35 27 27 27
10 32 29 28 28
12 36 33 29 31
11 34 35 30 29
5 33 33 28 28
7 35 36 30 28
9 37 36 26 29
5 36 39 28 28
5 34 37 29 32
6 33 37 30 29
4 34 38 31 29
9 36 36 28 28
8 38 32 29 32
9 37 32 32 32
13 38 29 28 33
16 35 28 30 30
17 39 27 34 32
18 37 20 35 31
22 41 17 36 30
28 38 15 36 31
29 39 9 35 34
35 38 6 38 35
36 40 5 38 35
42 38 6 39 36
41 42 4 39 33
44 40 5 43 33
47 41 4 41 33
46 37 3 41 33
44 40 3 40 34
47 38 3 43 35
44 39 6 44 36
45 38 4 40 36
46 38 6 42 34
46 33 7 41 32
43 32 7 38 33
44 32 7 36 31
47 27 6 33 33
43 25 7 32 32
45 23 15 31 31
39 22 27 22 27
