98 96
1 2
1 40
1 41
1 42
1 43
1 44
1 45
1 46
1 47
1 48
1 49
1 50
1 51
1 52
1 53
1 54
1 55
1 56
1 57
1 58
1 59
1 60
1 61
1 62
1 63
1 64
1 65
1 66
1 67
1 68
1 69
1 70
1 71
1 72
1 84
2 3
2 88
2 98
3 4
4 5
5 6
6 7
7 8
7 85
8 9
9 10
9 77
10 11
10 81
11 12
12 13
13 14
13 78
14 15
14 73
15 16
16 17
17 18
18 19
19 20
20 21
21 22
21 92
22 23
23 24
24 25
25 26
26 27
26 80
27 28
28 29
29 30
30 31
31 32
32 33
33 34
34 35
35 36
36 37
37 38
38 39
41 76
41 93
46 74
50 97
51 86
59 89
59 94
65 87
66 75
68 79
74 83
74 90
76 82
77 91
77 96
87 95
